ID_SETA	Mes_1	SETA_dist	ID_Alimentador	FC	Valor_Inst	Pmax	D_Instantanea	D.Int_PU	D.Int_Ajustada_1	FP
2943	71442.0	URBANO	334	0.7253248844625255	0.9087581234392252	136.8007662849275	124.31880765413875	0	124.31880765413875	0.919
3012	34069.0	CAUCETE CENTRO	335	0.7767774573976227	0.9810702530860186	60.91584546503393	59.76272392732964	0.018994323998230884	63.071602552325565	0.920
2982	4363.0	SANTA ROSA	333	0.7273166225796748	1.0	8.33161519219699	8.33161519219699	0.0027949716723567257	9.792532625560833	0.942
2986	23649.0	SANTA ROSA	333	0.7273166225796748	1.0	45.16029513643516	45.16029513643516	0.015149733000129314	53.078983282578065	0.942
205	1451.0	DE LOS RIOS	332	0.8649202547441315	0.9486914290853492	2.330015705753076	2.210465929682194	0.0012893340176607661	2.7201079770589183	0.905
1354	2497.0	DE LOS RIOS	332	0.8649202547441315	0.9486914290853492	4.009682437812151	3.803951362106436	0.0022187918966912012	4.6809852644494265	0.905
2073	2220.29	DE LOS RIOS	332	0.8649202547441315	0.9486914290853492	3.565341537785318	3.38240895865891	0.001972912078616142	4.1622526122564745	0.905
828	4910.0	SANTA ROSA	333	0.7273166225796748	1.0	9.376170202541191	9.376170202541191	0.0031453841190170802	11.020246433991218	0.942
115	9495.0	SANTA ROSA	333	0.7273166225796748	1.0	18.131718141166722	18.131718141166722	0.006082570714881299	21.31104682092599	0.942
1245	8929.0	DE LOS RIOS	332	0.8649202547441315	0.9486914290853492	14.338187620033919	13.60251570374384	0.007934158127975866	16.738693402590684	0.905
848	6492.3	DE LOS RIOS	332	0.8649202547441315	0.9486914290853492	10.425334918305097	9.890425882340255	0.005768947789702958	12.170749151936331	0.905
1945	31876.5	DE LOS RIOS	332	0.8649202547441315	0.9486914290853492	51.187281629523035	48.56093536010645	0.028324917859382088	59.75707920793838	0.905
2970	2638.1	DE LOS RIOS	332	0.8649202547441315	0.9486914290853492	4.236260808647271	4.018904320533836	0.0023441709662238917	4.945497487442544	0.905
2971	23042.09	DE LOS RIOS	332	0.8649202547441315	0.9486914290853492	37.000986625345206	35.10251887916664	0.020474810802895222	43.195708350868045	0.905
3002	12858.0	SANTA ROSA	333	0.7273166225796748	1.0	24.553726367469377	24.553726367469377	0.008236934623690758	28.859130070928533	0.942
1067	1217.0	SANTA ROSA	333	0.7273166225796748	1.0	2.3239916774934075	2.3239916774934075	0.0007796196482370239	2.7314948900544427	0.942
821	16593.7	SANTA ROSA	333	0.7273166225796748	1.0	31.68744510996085	31.68744510996085	0.010630053045974284	37.24371960320165	0.942
210	372.0	SANTA ROSA	333	0.7273166225796748	1.0	0.7103737913126931	0.7103737913126931	0.00023830608803958325	0.8349351677076848	0.942
784	38534.0	SANTA ROSA	333	0.7273166225796748	1.0	73.58479482377236	73.58479482377236	0.02468517956053038	86.48761223776326	0.942
2960	519.0	SANTA ROSA	333	0.7273166225796748	1.0	0.9910860152991605	0.9910860152991605	0.0003324754292810315	1.164869225914754	0.942
646	270.0	SANTA ROSA	333	0.7273166225796748	1.0	0.5155938807914708	0.5155938807914708	0.00017296409615776207	0.6060013314007391	0.942
2952	0	SANTA ROSA	333	0.7273166225796748	1.0	0.0	0.0	0.0	0.0	0.942
2959	7810.0	SANTA ROSA	333	0.7273166225796748	1.0	14.914030403634767	14.914030403634767	0.005003146633304155	17.529149623110268	0.942
2956	864.0	SANTA ROSA	333	0.7273166225796748	1.0	1.6499004185327066	1.6499004185327066	0.0005534851077048386	1.9392042604823652	0.942
2088	5958.0	DE LOS RIOS	332	0.8649202547441315	0.9486914290853492	9.56735601300953	9.07646864855032	0.0052941778616284255	11.169127034677489	0.905
560	19772.670000000002	DE LOS RIOS	332	0.8649202547441315	0.9486914290853492	31.75095220170412	30.121856219055296	0.01756965958027602	37.06671081650831	0.905
1638	4115.08	DE LOS RIOS	332	0.8649202547441315	0.9486914290853492	6.607995196712865	6.268948406558652	0.0036565903717405003	7.714308707260932	0.905
2396	573.0	DE LOS RIOS	332	0.8649202547441315	0.9486914290853492	0.9201233627818832	0.872913147972362	0.0005091580924325424	1.0741708276049347	0.905
1951	651.39	DE LOS RIOS	332	0.8649202547441315	0.9486914290853492	1.046002019690211	0.9923331508860678	0.0005788141183763242	1.221124145538531	0.905
570	11547.990000000002	DE LOS RIOS	332	0.8649202547441315	0.9486914290853492	18.543761591922443	17.592307685258913	0.010261348271954757	21.648366449342948	0.905
2940	45630.5	CAUCETE CENTRO	335	0.7767774573976227	0.9810702530860186	81.58796813796211	80.0435285498845	0.025440150905552683	84.47529308943297	0.920
1594	68410.24	CAUCETE CENTRO	335	0.7767774573976227	0.9810702530860186	122.31845983345221	120.00300234589696	0.03814042864060391	126.64720032255731	0.920
1595	87637.0	CAUCETE CENTRO	335	0.7767774573976227	0.9810702530860186	156.69617391233024	153.7299549977806	0.04885983070336552	162.2415108420604	0.920
2937	78220.0	DE LOS RIOS	332	0.8649202547441315	0.9486914290853492	125.60567091936981	119.16102344572104	0.06950496682386295	146.63462850830365	0.905
2947	4368.68	DE LOS RIOS	332	0.8649202547441315	0.9486914290853492	7.015226060240764	6.655284836446594	0.0038819350353371715	8.18971834405083	0.905
593	6004.0	DE LOS RIOS	332	0.8649202547441315	0.9486914290853492	9.641222810021688	9.14654544576974	0.0053350526823123644	11.255360643874395	0.905
2948	3251.0	DE LOS RIOS	332	0.8649202547441315	0.9486914290853492	5.220455588837526	4.95260147305087	0.0028887835226844593	6.094466597807403	0.905
594	6662.200000000001	DE LOS RIOS	332	0.8649202547441315	0.9486914290853492	10.69816032726957	10.149253009461555	0.005919918051316029	12.489251112861426	0.905
859	3382.96	DE LOS RIOS	332	0.8649202547441315	0.9486914290853492	5.4323569482663165	5.1536304765524985	0.0030060409430638633	6.341844577581832	0.905
2074	479.0	DE LOS RIOS	332	0.8649202547441315	0.9486914290853492	0.769178168887473	0.7297127362631088	0.00042563128494797173	0.8979543218547359	0.905
596	524.0	DE LOS RIOS	332	0.8649202547441315	0.9486914290853492	0.8414391659645842	0.7982661248473257	0.00046561752257356405	0.982313287373448	0.905
1874	16189.38	DE LOS RIOS	332	0.8649202547441315	0.9486914290853492	25.99690535244985	24.663041290612213	0.014385608793133602	30.349318870873958	0.905
956	4640.0	SANTA ROSA	333	0.7273166225796748	1.0	8.86057632174972	8.86057632174972	0.002972420022859318	10.414245102590478	0.942
2258	4717.299999999999	DE LOS RIOS	332	0.8649202547441315	0.9486914290853492	7.575040033596818	7.186375554851697	0.004191712861137927	8.843256623142683	0.905
2286	12656.0	DE LOS RIOS	332	0.8649202547441315	0.9486914290853492	20.323003977953775	19.280259687152203	0.011245907186433257	23.72549039121824	0.905
582	3035.0	DE LOS RIOS	332	0.8649202547441315	0.9486914290853492	4.873602802867392	4.62354520784663	0.0026968495820816167	5.689543563317586	0.905
2962	350.0	SANTA ROSA	333	0.7273166225796748	1.0	0.6683624380630178	0.6683624380630178	0.00022421271724154342	0.7855572814454026	0.942
957	7091.0	SANTA ROSA	333	0.7273166225796748	1.0	13.54102299515674	13.54102299515674	0.0045425496513136696	15.915390522083856	0.942
958	5427.24	SANTA ROSA	333	0.7273166225796748	1.0	10.363895309580377	10.363895309580377	0.003476732078634268	12.181165429004988	0.942
2949	78.0	SANTA ROSA	333	0.7273166225796748	1.0	0.14894934333975823	0.14894934333975823	4.9967405556686816e-05	0.17506705129354685	0.942
2966	114.0	SANTA ROSA	333	0.7273166225796748	1.0	0.21769519411195434	0.21769519411195434	7.302928504438842e-05	0.2558672288136454	0.942
2968	4176.49	SANTA ROSA	333	0.7273166225796748	1.0	7.975454396988036	7.975454396988036	0.0026754919183775245	9.373920372525454	0.942
520	27580.54	SANTA ROSA	333	0.7273166225796748	1.0	52.66799130712738	52.66799130712738	0.017668308046825936	61.90312578056052	0.942
644	1904.0	SANTA ROSA	333	0.7273166225796748	1.0	3.6358916630628166	3.6358916630628166	0.0012197171817939962	4.27343161106299	0.942
1046	2342.53	DE LOS RIOS	332	0.8649202547441315	0.9486914290853492	3.761634521845454	3.568630430226348	0.0020815324716684184	4.391409055478862	0.905
2992	10531.22	DE LOS RIOS	332	0.8649202547441315	0.9486914290853492	16.91103239196479	16.043351487241708	0.00935786367571979	19.74228499666604	0.905
524	7212.17	DE LOS RIOS	332	0.8649202547441315	0.9486914290853492	11.58130211754732	10.987082056565148	0.006408612075914851	13.52024889655756	0.905
1106	8385.27	DE LOS RIOS	332	0.8649202547441315	0.9486914290853492	13.465066021350859	12.774192726523923	0.0074510088616611255	15.719393395446476	0.905
2950	4419.93	DE LOS RIOS	332	0.8649202547441315	0.9486914290853492	7.097523306911919	6.7333595290008414	0.00392747491707743	8.285793832558253	0.905
1213	0	DE LOS RIOS	332	0.8649202547441315	0.9486914290853492	0.0	0.0	0.0	0.0	0.905
2643	13068.779999999999	DE LOS RIOS	332	0.8649202547441315	0.9486914290853492	20.98584607514244	19.909092303592047	0.011612696501257522	24.499305808702992	0.905
2967	1642.0	DE LOS RIOS	332	0.8649202547441315	0.9486914290853492	2.636723493347037	2.5014369790063147	0.001459053381804947	3.0781649195938963	0.905
2973	6257.0	DE LOS RIOS	332	0.8649202547441315	0.9486914290853492	10.047490193588557	9.53196783047656	0.005559864196074028	11.729645494457376	0.905
2963	305.0	SANTA ROSA	333	0.7273166225796748	1.0	0.5824301245977725	0.5824301245977725	0.00019538536788191638	0.6845570595452792	0.942
2989	1923.0	SANTA ROSA	333	0.7273166225796748	1.0	3.672174195414809	3.672174195414809	0.0012318887293013942	4.316076149198597	0.942
968	26936.0	SANTA ROSA	333	0.7273166225796748	1.0	51.437173233329844	51.437173233329844	0.01725541071890918	60.45648838003818	0.942
1002	17241.0	DE LOS RIOS	332	0.8649202547441315	0.9486914290853492	27.685596680143888	26.265088279566307	0.015320060508951945	32.32073165573591	0.905
2957	645.0	DE LOS RIOS	332	0.8649202547441315	0.9486914290853492	1.0357409581052612	0.9825985697071091	0.0005731360726334902	1.209145172434874	0.905
2988	239.0	DE LOS RIOS	332	0.8649202547441315	0.9486914290853492	0.38378618447621304	0.364094663813952	0.00021237135094481262	0.44803983908827116	0.905
833	8277.66	DE LOS RIOS	332	0.8649202547441315	0.9486914290853492	13.29226589034046	12.610258723289531	0.007355388438752459	15.517662989236062	0.905
523	4382.0	DE LOS RIOS	332	0.8649202547441315	0.9486914290853492	7.036615315375588	6.675576639467522	0.003893770961674347	8.214688597844368	0.905
1356	1066.0	SANTA ROSA	333	0.7273166225796748	1.0	2.0356410256433626	2.0356410256433626	0.0006828878759413866	2.3925830343451406	0.942
1382	1022.0	SANTA ROSA	333	0.7273166225796748	1.0	1.9516183191440117	1.9516183191440117	0.0006547011343453067	2.2938272618205753	0.942
635	186.0	DE LOS RIOS	332	0.8649202547441315	0.9486914290853492	0.2986787879187265	0.2833540061480966	0.00016527644885244833	0.3486837241440102	0.905
1355	29867.0	DE LOS RIOS	332	0.8649202547441315	0.9486914290853492	47.96042666004626	45.49964570766237	0.026539310203634807	55.98998273660835	0.905
1243	1456.0	DE LOS RIOS	332	0.8649202547441315	0.9486914290853492	2.3380447054283104	2.2180829728582183	0.0012937769329524988	2.7294811954498868	0.905
1543	18952.03	DE LOS RIOS	332	0.8649202547441315	0.9486914290853492	30.433168543007213	28.871686156660807	0.01684045277927455	35.52830322843551	0.905
2	3373.0	SANTA ROSA	333	0.7273166225796748	1.0	6.441104295961597	6.441104295961597	0.0021607699864449313	7.570527743758122	0.942
2978	1424.0	SANTA ROSA	333	0.7273166225796748	1.0	2.719280319433535	2.719280319433535	0.0009122254552913081	3.1960959107950093	0.942
2724	343.0	SANTA ROSA	333	0.7273166225796748	1.0	0.6549951893017574	0.6549951893017574	0.00021972846289671253	0.7698461358164944	0.942
2683	33949.0	DE LOS RIOS	332	0.8649202547441315	0.9486914290853492	54.51530199490777	51.718199756568445	0.030166506247805206	63.64227823099464	0.905
1352	69541.38	DE LOS RIOS	332	0.8649202547441315	0.9486914290853492	111.66954348707296	105.93993879605979	0.06179329212203588	130.36530838985908	0.905
1374	6913.0	DE LOS RIOS	332	0.8649202547441315	0.9486914290853492	11.100894950979335	10.531323895170923	0.00614277468234933	12.95941174735238	0.905
2977	3258.0	DE LOS RIOS	332	0.8649202547441315	0.9486914290853492	5.2316961883828546	4.963265333497304	0.0028950036040928852	6.107589103554759	0.905
2660	279.0	DE LOS RIOS	332	0.8649202547441315	0.9486914290853492	0.4480181818780897	0.4250310092221448	0.00024791467327867246	0.5230255862160152	0.905
2975	39043.48	DE LOS RIOS	332	0.8649202547441315	0.9486914290853492	62.69601764800559	59.4791745804467	0.03469337486689027	73.19261295667839	0.905
1353	11136.199999999999	DE LOS RIOS	332	0.8649202547441315	0.9486914290853492	17.88250923666947	16.964983243367918	0.009895438654358253	20.876406929099605	0.905
1318	164.0	DE LOS RIOS	332	0.8649202547441315	0.9486914290853492	0.2633511893476943	0.2498390161735905	0.0001457276215688254	0.3074415632237509	0.905
540	2087.0	CAUCETE CENTRO	335	0.7767774573976227	0.9810702530860186	3.7315850035376976	3.6609470438327207	0.0011635549673987453	3.863642446995904	0.920
541	3432.0	CAUCETE CENTRO	335	0.7767774573976227	0.9810702530860186	6.136463695324091	6.020301990624771	0.001913426280839719	6.3536276368423295	0.920
2395	1547.0	DE LOS RIOS	332	0.8649202547441315	0.9486914290853492	2.48417249951758	2.3567131586618566	0.0013746379912620297	2.9000737701655037	0.905
2228	301.0	DE LOS RIOS	332	0.8649202547441315	0.9486914290853492	0.4833457804491219	0.4585459991966509	0.0002674635005622954	0.5642677471362746	0.905
651	1051.0	DE LOS RIOS	332	0.8649202547441315	0.9486914290853492	1.6876957317343093	1.601102475600266	0.0009339007943221677	1.970250505781477	0.905
31	525.0	CAUCETE CENTRO	335	0.7767774573976227	0.9810702530860186	0.938707296050451	0.9209378045099081	0.000292700698555027	0.9719273045868949	0.920
27	3547.2	CAUCETE CENTRO	335	0.7767774573976227	0.9810702530860186	6.342442896286018	6.222382057442944	0.0019776531769797935	6.566896256820254	0.920
805	2519.0	DE LOS RIOS	332	0.8649202547441315	0.9486914290853492	4.045010036383183	3.8374663520809422	0.0022383407239748242	4.722227425369686	0.905
3020	25523.28	DE LOS RIOS	332	0.8649202547441315	0.9486914290853492	40.98528136618426	38.88238515075048	0.02267955420143396	47.84705549876522	0.905
2543	881.0	DE LOS RIOS	332	0.8649202547441315	0.9486914290853492	1.4147097427763335	1.3421230076154467	0.0007828416744032633	1.6515610804885645	0.905
1105	459.0	DE LOS RIOS	332	0.8649202547441315	0.9486914290853492	0.7370621701865347	0.6992445635590125	0.00040785962378104185	0.8604614482908639	0.905
656	7668.0	DE LOS RIOS	332	0.8649202547441315	0.9486914290853492	12.313273901939755	11.681497414750561	0.006813654891400934	14.37476772438855	0.905
204	3428.0	DE LOS RIOS	332	0.8649202547441315	0.9486914290853492	5.50468217734083	5.222244801482123	0.0030460627240117893	6.426278528847671	0.905
3001	16617.0	DE LOS RIOS	332	0.8649202547441315	0.9486914290853492	26.683577520674614	25.314481291198497	0.01476558468054373	31.150954000543106	0.905
3014	3035.0	CAUCETE CENTRO	335	0.7767774573976227	0.9810702530860186	5.426622178120226	5.323897593690612	0.0016920888002181084	5.61866546556424	0.920
2898	8157.36	DE LOS RIOS	332	0.8649202547441315	0.9486914290853492	13.099088158154315	12.426992664474392	0.007248491896833376	15.292143354749372	0.905
2944	724.0	CAUCETE CENTRO	335	0.7767774573976227	0.9810702530860186	1.294522061601003	1.2700170866003304	0.00040364820143588484	1.3403340352779274	0.920
2377	4602.0	SANTA ROSA	333	0.7273166225796748	1.0	8.788011257045737	8.788011257045737	0.0029480769278445226	10.328956026319265	0.942
2583	364.0	SANTA ROSA	333	0.7273166225796748	1.0	0.6950969355855384	0.6950969355855384	0.00023318122593120514	0.8169795727032186	0.942
2549	102.0	SANTA ROSA	333	0.7273166225796748	1.0	0.19477991052122232	0.19477991052122232	6.534199188182122e-05	0.2289338363069459	0.942
3010	1927.0	SANTA ROSA	333	0.7273166225796748	1.0	3.6798126232783863	3.6798126232783863	0.0012344511603555833	4.32505394670083	0.942
1228	314.0	SANTA ROSA	333	0.7273166225796748	1.0	0.5996165872908216	0.5996165872908216	0.00020115083775384179	0.7047571039253039	0.942
104	31092.0	SANTA ROSA	333	0.7273166225796748	1.0	59.37349978358671	59.37349978358671	0.01991777658421162	69.78441998485845	0.942
11	3202.0	SANTA ROSA	333	0.7273166225796748	1.0	6.114561504793665	6.114561504793665	0.0020512260588783486	7.186726900537654	0.942
42	1403.0	CAUCETE CENTRO	335	0.7767774573976227	0.9810702530860186	2.508583497826253	2.4610966470998115	0.000782207771567053	2.597360015876978	0.920
2997	2160.5699999999997	CAUCETE CENTRO	335	0.7767774573976227	0.9810702530860186	3.863129185957567	3.790001128171375	0.0012045720919562563	3.999841859945347	0.920
2930	27358.0	SANTA ROSA	333	0.7273166225796748	1.0	52.243027372937256	52.243027372937256	0.01752574719512613	61.40364601652378	0.942
1759	5148.49	SANTA ROSA	333	0.7273166225796748	1.0	9.831592367837331	9.831592367837331	0.003298162664545468	11.555525165568115	0.942
5006	8964.0	SANTA ROSA	333	0.7273166225796748	1.0	17.11771684227683	17.11771684227683	0.0057424079924377	20.11924420250454	0.942
5000	52.0	SANTA ROSA	333	0.7273166225796748	1.0	0.09929956222650549	0.09929956222650549	3.331160370445788e-05	0.11671136752903123	0.942
5026	132.0	SANTA ROSA	333	0.7273166225796748	1.0	0.2520681194980524	0.2520681194980524	8.456022478823923e-05	0.2962673175736947	0.942
5007	133.0	SANTA ROSA	333	0.7273166225796748	1.0	0.25397772646394673	0.25397772646394673	8.520083255178649e-05	0.2985117669492529	0.942
5008	289.0	SANTA ROSA	333	0.7273166225796748	1.0	0.5518764131434633	0.5518764131434633	0.00018513564366516013	0.6486458695363467	0.942
5011	511.0	SANTA ROSA	333	0.7273166225796748	1.0	0.9758091595720059	0.9758091595720059	0.00032735056717265337	1.1469136309102876	0.942
5009	7888.47	SANTA ROSA	333	0.7273166225796748	1.0	15.063877262248496	15.063877262248496	0.0050534151245097084	17.705271565610328	0.942
2644	620.0	SANTA ROSA	333	0.7273166225796748	1.0	1.1839563188544886	1.1839563188544886	0.0003971768133993055	1.3915586128461417	0.942
2922	282.0	SANTA ROSA	333	0.7273166225796748	1.0	0.5385091643822029	0.5385091643822029	0.00018065138932032927	0.6329347239074387	0.942
1973	12352.0	SANTA ROSA	333	0.7273166225796748	1.0	23.587465242726843	23.587465242726843	0.007912787095335841	27.723438686896035	0.942
2951	4220.93	SANTA ROSA	333	0.7273166225796748	1.0	8.060317330552381	8.060317330552381	0.0027039605273895652	9.473663702775266	0.942
2993	1175.0	SANTA ROSA	333	0.7273166225796748	1.0	2.243788184925845	2.243788184925845	0.0007527141221680386	2.6372280162809942	0.942
1357	654.0	SANTA ROSA	333	0.7273166225796748	1.0	1.248882955694896	1.248882955694896	0.0004189574773599125	1.4678698916151236	0.942
2548	1214.0	SANTA ROSA	333	0.7273166225796748	1.0	2.3182628565957244	2.3182628565957244	0.000777697824946382	2.7247615419277675	0.942
1326	421.0	SANTA ROSA	333	0.7273166225796748	1.0	0.8039445326415156	0.8039445326415156	0.00026969586845339934	0.9449131871100412	0.942
1488	15453.33	SANTA ROSA	333	0.7273166225796748	1.0	29.509786614263923	29.509786614263923	0.009899523170657886	34.684216868796234	0.942
1231	2856.4	DE LOS RIOS	332	0.8649202547441315	0.9486914290853492	4.5868069344680125	4.3514644255990484	0.002538148647860932	5.354732202392208	0.905
401	931.91	DE LOS RIOS	332	0.8649202547441315	0.9486914290853492	1.496461017469572	1.419679741233724	0.0008280794379036835	1.746999190145401	0.905
1236	7317.0	DE LOS RIOS	332	0.8649202547441315	0.9486914290853492	11.749638124738288	11.146780983793668	0.006501762237921313	13.716767793342592	0.905
967	34136.44	DE LOS RIOS	332	0.8649202547441315	0.9486914290853492	54.816293134732966	52.003747471151236	0.030333062256261673	63.99366144203525	0.905
2998	2313.45	DE LOS RIOS	332	0.8649202547441315	0.9486914290853492	3.714937859734289	3.524329707114591	0.002055692476331702	4.336894417316992	0.905
1000	820.0	DE LOS RIOS	332	0.8649202547441315	0.9486914290853492	1.3167559467384715	1.2491950808679526	0.0007286381078441271	1.5372078161187548	0.905
2748	13681.419999999998	CAUCETE CENTRO	335	0.7767774573976227	0.9810702530860186	24.46256909396297	23.999498852148466	0.007627735602332793	25.32827745432616	0.920
604	26422.61	CAUCETE CENTRO	335	0.7767774573976227	0.9810702530860186	47.24399388132497	46.3496770339458	0.014731269342184843	48.915916414191884	0.920
835	29730.37	CAUCETE CENTRO	335	0.7767774573976227	0.9810702530860186	53.158314730056084	52.15204128584235	0.016575428699617936	55.03953976851634	0.920
659	3894.0	CAUCETE CENTRO	335	0.7767774573976227	0.9810702530860186	6.962526115848488	6.83072725859349	0.002171002895568143	7.208923664878798	0.920
47	27625.0	URBANO	334	0.7253248844625255	0.9087581234392252	52.89775158339803	48.071261463083104	0	48.071261463083104	0.919
39	5868.0	CAUCETE CENTRO	335	0.7767774573976227	0.9810702530860186	10.492065548998184	10.293453403550744	0.0032715575221350444	10.863370330125523	0.920
2955	39826.0	SANTA ROSA	333	0.7273166225796748	1.0	76.05200702370784	76.05200702370784	0.025512844791033454	89.38744083098459	0.942
609	6450.6	SANTA ROSA	333	0.7273166225796748	1.0	12.318110694198007	12.318110694198007	0.004132304439538	14.478045141976324	0.942
2928	32169.0	SANTA ROSA	333	0.7273166225796748	1.0	61.430146485854905	61.430146485854905	0.02060771114555203	72.20169196233473	0.942
2298	340.0	SANTA ROSA	333	0.7273166225796748	1.0	0.6492663684040744	0.6492663684040744	0.00021780663960607074	0.7631127876898196	0.942
1289	25511.289999999997	SANTA ROSA	333	0.7273166225796748	1.0	48.71653709295052	48.71653709295052	0.01634273043210575	57.258798910186506	0.942
2923	8819.0	DE LOS RIOS	332	0.8649202547441315	0.9486914290853492	14.161549627178758	13.43494075387131	0.007836413991557751	16.532482597989386	0.905
2958	4596.0	DE LOS RIOS	332	0.8649202547441315	0.9486914290853492	7.380256501475628	7.001586087401353	0.004083927736160497	8.615862344977801	0.905
2981	382.0	SANTA ROSA	333	0.7273166225796748	1.0	0.7294698609716365	0.7294698609716365	0.00024471216567505593	0.8573796614632678	0.942
67	4144.34	SANTA ROSA	333	0.7273166225796748	1.0	7.914060533034534	7.914060533034534	0.00265489637877948	9.301761325101255	0.942
5	10665.64	SANTA ROSA	333	0.7273166225796748	1.0	20.367180439721267	20.367180439721267	0.006832491787200271	23.93848903792955	0.942
2991	605.0	SANTA ROSA	333	0.7273166225796748	1.0	1.1553122143660735	1.1553122143660735	0.00038756769694609644	1.357891872212767	0.942
2933	75651.0	CAUCETE CENTRO	335	0.7767774573976227	0.9810702530860186	135.26503934002412	132.7045063790077	0.042177334374069224	140.05194765581558	0.920
66	72808.0	CAUCETE CENTRO	335	0.7767774573976227	0.9810702530860186	130.18171583017377	127.71740889668074	0.04059229040075124	134.78872989021454	0.920
45	6825.0	CAUCETE CENTRO	335	0.7767774573976227	0.9810702530860186	12.203194848655862	11.972191458628805	0.0038051090812153505	12.635054959629633	0.920
43	6971.0	CAUCETE CENTRO	335	0.7767774573976227	0.9810702530860186	12.46424487765275	12.228299876644893	0.0038865077516706532	12.905343314809988	0.920
3005	205.0	DE LOS RIOS	332	0.8649202547441315	0.9486914290853492	0.3291889866846179	0.31229877021698815	0.00018215952696103177	0.3843019540296887	0.905
278	9590.1	DE LOS RIOS	332	0.8649202547441315	0.9486914290853492	15.399781957093435	14.609641152477746	0.008521600387848735	17.978020338244473	0.905
3003	3359.8199999999997	CAUCETE CENTRO	335	0.7767774573976227	0.9810702530860186	6.0074048522213825	5.893686198759008	0.0018731841162269536	6.220001517137411	0.920
20	24510.5	CAUCETE CENTRO	335	0.7767774573976227	0.9810702530860186	43.82511462827539	42.99551629988591	0.013665219946539025	45.37604609348016	0.920
2953	324.0	CAUCETE CENTRO	335	0.7767774573976227	0.9810702530860186	0.5793165027054211	0.5683501879261147	0.0001806381453939595	0.5998179936879122	0.920
25	2954.0	CAUCETE CENTRO	335	0.7767774573976227	0.9810702530860186	5.281793052443871	5.181810046709083	0.0016469292638696185	5.468710967142262	0.920
72	51035.0	URBANO	334	0.7253248844625255	0.9087581234392252	97.72440731434276	88.80784900519262	0	88.80784900519262	0.919
71	80800.0	URBANO	334	0.7253248844625255	0.9087581234392252	154.71993947288908	140.6030018540132	0	140.6030018540132	0.919
2897	251.0	SANTA ROSA	333	0.7273166225796748	1.0	0.4793113484394784	0.4793113484394784	0.00016079254865036398	0.5633567932651316	0.942
3004	9117.0	SANTA ROSA	333	0.7273166225796748	1.0	17.409886708058664	17.409886708058664	0.0058404209802604325	20.462644956964958	0.942
645	40740.4	SANTA ROSA	333	0.7273166225796748	1.0	77.79815163332162	77.79815163332162	0.026098616530021074	91.43976533999509	0.942
3021	30641.0	CAUCETE CENTRO	335	0.7767774573976227	0.9810702530860186	54.7865338252988	53.74943860569161	0.017083127817951585	56.72538007589914	0.920
207	64387.0	CAUCETE CENTRO	335	0.7767774573976227	0.9810702530860186	115.12485080152454	112.94556651234181	0.03589737119592861	119.19901592464076	0.920
209	71397.0	CAUCETE CENTRO	335	0.7767774573976227	0.9810702530860186	127.65882822116961	125.24227891160744	0.039805622428063354	132.17655955350577	0.920
236	44444.49	DE LOS RIOS	332	0.8649202547441315	0.9486914290853492	71.36895915519332	67.70711985327426	0.039492620850850264	83.31758220903879	0.905
2666	46701.0	DE LOS RIOS	332	0.8649202547441315	0.9486914290853492	74.99246276662605	71.14470667270031	0.041497717407839724	87.54773441531945	0.905
439	4906.0	DE LOS RIOS	332	0.8649202547441315	0.9486914290853492	7.878054481340173	7.473842764314848	0.004359388484247911	9.197001885217817	0.905
2931	10565.0	DE LOS RIOS	332	0.8649202547441315	0.9486914290853492	16.965276313770673	16.094812230938924	0.009387880011430733	19.805610460115414	0.905
1592	595.0	SANTA ROSA	333	0.7273166225796748	1.0	1.1362161447071302	1.1362161447071302	0.0003811616193106238	1.3354473784571843	0.942
2478	25494.0	SANTA ROSA	333	0.7273166225796748	1.0	48.68351998851021	48.68351998851021	0.016331654323874022	57.21999238048312	0.942
37	2508.5	CAUCETE CENTRO	335	0.7767774573976227	0.9810702530860186	4.485232861223917	4.400328538310675	0.0013985518139529242	4.643961225821383	0.920
36	8425.8	CAUCETE CENTRO	335	0.7767774573976227	0.9810702530860186	15.06544749535598	14.780262387123015	0.004697595325495135	15.598600158072871	0.920
2941	2014.0	CAUCETE CENTRO	335	0.7767774573976227	0.9810702530860186	3.601059989039254	3.532892834824676	0.001122855632171094	3.7284982694057263	0.920
35	7185.040000000001	CAUCETE CENTRO	335	0.7767774573976227	0.9810702530860186	12.846951372217777	12.603761834125468	0.004005840432658688	13.301593448664805	0.920
34	29042.79	CAUCETE CENTRO	335	0.7767774573976227	0.9810702530860186	51.92891213459253	50.94591097036631	0.01619208556378467	53.766629718825186	0.920
3035	9766.2	SANTA ROSA	333	0.7273166225796748	1.0	18.64960355031727	18.64960355031727	0.006256303540355319	21.919741491577405	0.942
33	8006.0	CAUCETE CENTRO	335	0.7767774573976227	0.9810702530860186	14.314839261295068	14.043862976964428	0.0044635462716791354	14.821428572424153	0.920
2935	330.0	CAUCETE CENTRO	335	0.7767774573976227	0.9810702530860186	0.5900445860888549	0.578875191406228	0.0001839832962345884	0.6109257343117626	0.920
49	81506.0	COOPERATIVA	334	0.7253248844625255	0.9087581234392252	156.07182409254082	141.83153798407426	0.04615837121443775	141.5169503063447	0.919
48	58111.0	CAUCETE CENTRO	335	0.7767774573976227	0.9810702530860186	103.90327558245286	101.93641287214336	0.0323983434166308	107.58031923209342	0.920
98	27486.22	CAUCETE CENTRO	335	0.7767774573976227	0.9810702530860186	49.14574334256729	48.21542685919301	0.015324258656451723	50.88496708168077	0.920
38	9191.0	CAUCETE CENTRO	335	0.7767774573976227	0.9810702530860186	16.43363572952323	16.12255116428679	0.005124213562703339	17.015207345634572	0.920
24	40124.44	CAUCETE CENTRO	335	0.7767774573976227	0.9810702530860186	71.74305633893059	70.38497843959912	0.022370384032627175	74.28197869954018	0.920
3000	6316.0	CAUCETE CENTRO	335	0.7767774573976227	0.9810702530860186	11.293095774961236	11.079320330065867	0.0035213287849020013	11.692748296706341	0.920
23	38681.2	CAUCETE CENTRO	335	0.7767774573976227	0.9810702530860186	69.16252316187943	67.85329410249268	0.021565741449422304	71.61012276987924	0.920
3018	1922.0	CAUCETE CENTRO	335	0.7767774573976227	0.9810702530860186	3.43656271049327	3.3715094481296064	0.001071563319281451	3.5581795798400226	0.920
22	8367.0	CAUCETE CENTRO	335	0.7767774573976227	0.9810702530860186	14.96031227819833	14.677117353017907	0.004664812847256973	15.489744299959142	0.920
3015	3630.0	CAUCETE CENTRO	335	0.7767774573976227	0.9810702530860186	6.490490446977404	6.367627105468507	0.002023816258580472	6.720183077429387	0.920
237	24550.0	CAUCETE CENTRO	335	0.7767774573976227	0.9810702530860186	43.89574117721633	43.06480590612999	0.013687242189573167	45.44917205258718	0.920
3024	4001.4300000000003	DE LOS RIOS	332	0.8649202547441315	0.9486914290853492	6.425496034094784	6.095813015167624	0.003555602907159421	7.50125545323423	0.905
637	4683.0	DE LOS RIOS	332	0.8649202547441315	0.9486914290853492	7.51996109582471	7.134122638664173	0.004161234462236642	8.778956344980642	0.905
781	6044.0	DE LOS RIOS	332	0.8649202547441315	0.9486914290853492	9.705454807423564	9.207481791177933	0.005370596004646224	11.33034639100214	0.905
3023	106.0	DE LOS RIOS	332	0.8649202547441315	0.9486914290853492	0.17021479311497315	0.16148131533171092	9.41898041847286e-05	0.1987122298885219	0.905
2939	316.0	DE LOS RIOS	332	0.8649202547441315	0.9486914290853492	0.5074327794748257	0.48139712872472323	0.0002807922464374929	0.5923874023091787	0.905
19	937.88	CAUCETE CENTRO	335	0.7767774573976227	0.9810702530860186	1.6769424739424703	1.6451983773214334	0.0005228916784015022	1.7362879627161083	0.920
2428	1406.0	CAUCETE CENTRO	335	0.7767774573976227	0.9810702530860186	2.51394753951797	2.466359148839868	0.0007838803469873675	2.602913886188903	0.920
238	4923.03	CAUCETE CENTRO	335	0.7767774573976227	0.9810702530860186	8.802446056524289	8.63581798045031	0.002744712990490199	9.11395672057223	0.920
202	194264.19999999998	CAUCETE CENTRO	335	0.7767774573976227	0.9810702530860186	347.3470893360076	340.7718968435689	0.10830717532234947	359.63939101662754	0.920
239	767.0	CAUCETE CENTRO	335	0.7767774573976227	0.9810702530860186	1.371406659182278	1.3454462782078087	0.0004276217824603918	1.419939509748854	0.920
3019	8506.0	CAUCETE CENTRO	335	0.7767774573976227	0.9810702530860186	15.208846209914544	14.920946600307197	0.004742308841731542	15.747073624411673	0.920
3011	1742.0	DE LOS RIOS	332	0.8649202547441315	0.9486914290853492	2.7973034868517286	2.6537778425267966	0.0015479116876395966	3.265629287413257	0.905
1569	5110.0	DE LOS RIOS	332	0.8649202547441315	0.9486914290853492	8.205637668089743	7.784618125896631	0.004540659428150596	9.579429195569313	0.905
551	3059.0	DE LOS RIOS	332	0.8649202547441315	0.9486914290853492	4.912142001308518	4.660107015091545	0.0027181755754819323	5.734535011594232	0.905
2985	1651.0	DE LOS RIOS	332	0.8649202547441315	0.9486914290853492	2.6511756927624592	2.5151476567231583	0.0014670506293300656	3.095036712697639	0.905
433	4316.0	DE LOS RIOS	332	0.8649202547441315	0.9486914290853492	6.930632519662492	6.575031669544004	0.0038351244798234783	8.090962115083592	0.905
2299	14980.09	DE LOS RIOS	332	0.8649202547441315	0.9486914290853492	24.055027548996964	22.820798462145376	0.013311054186505767	28.082331017271212	0.905
2109	3847.0	DE LOS RIOS	332	0.8649202547441315	0.9486914290853492	6.177512350125488	5.860553019632943	0.0034183790254589713	7.211754230010791	0.905
1032	68818.56	DE LOS RIOS	332	0.8649202547441315	0.9486914290853492	110.50883917802233	104.83878856636103	0.06115100651580186	129.01027844638716	0.905
2171	9217.0	DE LOS RIOS	332	0.8649202547441315	0.9486914290853492	14.800658001327431	14.041257390682828	0.008190070048779656	17.278590781910438	0.905
2995	2051.0	DE LOS RIOS	332	0.8649202547441315	0.9486914290853492	3.293495666781226	3.124511110805086	0.001822483852668664	3.84489418397508	0.905
2974	1065.0	SANTA ROSA	333	0.7273166225796748	1.0	2.033731418677468	2.033731418677468	0.0006822472681778392	2.390338584969582	0.942
2064	7877.33	SANTA ROSA	333	0.7273166225796748	1.0	15.042604240648432	15.042604240648432	0.005046278754023792	17.680268399566607	0.942
1984	1621.0	SANTA ROSA	333	0.7273166225796748	1.0	3.0954728917147194	3.0954728917147194	0.0010384251847101198	3.638252437779993	0.942
1649	437.0	SANTA ROSA	333	0.7273166225796748	1.0	0.834498244095825	0.834498244095825	0.0002799455926701556	0.980824377118974	0.942
1678	237.0	SANTA ROSA	333	0.7273166225796748	1.0	0.4525768509169577	0.4525768509169577	0.00015182403996070226	0.5319345020073154	0.942
531	844.0	SANTA ROSA	333	0.7273166225796748	1.0	1.6117082792148199	1.6117082792148199	0.0005406729524338932	1.8943152729711992	0.942
3006	41668.0	CAUCETE CENTRO	335	0.7767774573976227	0.9810702530860186	74.50296307015275	73.09264083489305	0.02323095753788736	77.13955605243187	0.920
3026	8789.69	CAUCETE CENTRO	335	0.7767774573976227	0.9810702530860186	15.716087872422264	15.418586306519417	0.004900473148727876	16.27226611400835	0.920
6005	45363.2	COOPERATIVA	334	0.7253248844625255	0.9087581234392252	86.86375690961091	78.93814472405904	0.025690028035663413	78.76305695454046	0.919
2996	31146.0	SANTA ROSA	333	0.7273166225796748	1.0	59.476618559745	59.476618559745	0.019952369403443176	69.9056202511386	0.942
7	97453.0	URBANO	334	0.7253248844625255	0.9087581234392252	186.60794878033985	169.5814893524647	0	169.5814893524647	0.919
6	90646.0	URBANO	334	0.7253248844625255	0.9087581234392252	173.57355982004339	157.73638250072872	0	157.73638250072872	0.919
94	32141.0	SANTA ROSA	333	0.7273166225796748	1.0	61.37667749080987	61.37667749080987	0.020589774128172707	72.1388473798191	0.942
2954	56535.0	SANTA ROSA	333	0.7273166225796748	1.0	107.95962981683631	107.95962981683631	0.036216759912144736	126.8899454471881	0.942
2798	60410.0	SANTA ROSA	333	0.7273166225796748	1.0	115.35935680967685	115.35935680967685	0.03869911499589039	135.58718677747646	0.942
15	71718.0	URBANO	334	0.7253248844625255	0.9087581234392252	137.32926508807748	124.79908523472919	0	124.79908523472919	0.919
76	78155.0	URBANO	334	0.7253248844625255	0.9087581234392252	149.65515927603525	136.00034170668815	0	136.00034170668815	0.919
8	42274.0	URBANO	334	0.7253248844625255	0.9087581234392252	80.94840001580339	73.56251609376923	0	73.56251609376923	0.919
14	160882.0	URBANO	334	0.7253248844625255	0.9087581234392252	308.06501611729385	279.95658594402664	0	279.95658594402664	0.919
2932	24959.0	CAUCETE CENTRO	335	0.7767774573976227	0.9810702530860186	44.62703886118706	43.78226031002438	0.013915269971876035	46.20634970511297	0.920
505	25658.0	CAUCETE CENTRO	335	0.7767774573976227	0.9810702530860186	45.876860575357085	45.00842321545756	0.014304980044809297	47.500401487791514	0.920
5020	558.0	SANTA ROSA	333	0.7273166225796748	1.0	1.0655606869690397	1.0655606869690397	0.00035745913205937496	1.2524027515615277	0.942
5021	306.0	SANTA ROSA	333	0.7273166225796748	1.0	0.5843397315636669	0.5843397315636669	0.00019602597564546368	0.6868015089208377	0.942
5022	469.0	SANTA ROSA	333	0.7273166225796748	1.0	0.8956056670044438	0.8956056670044438	0.0003004450411036682	1.0526467571368394	0.942
5010	1421.0	SANTA ROSA	333	0.7273166225796748	1.0	2.713551498535852	2.713551498535852	0.0009103036320006662	3.189362562668334	0.942
5014	4247.0	SANTA ROSA	333	0.7273166225796748	1.0	8.110100784153246	8.110100784153246	0.0027206611717852424	9.532176497996069	0.942
5012	224.0	SANTA ROSA	333	0.7273166225796748	1.0	0.42775196036033136	0.42775196036033136	0.00014349613903458778	0.5027566601250576	0.942
5028	165.0	SANTA ROSA	333	0.7273166225796748	1.0	0.3150851493725655	0.3150851493725655	0.00010570028098529903	0.3703341469671183	0.942
5025	1253.0	SANTA ROSA	333	0.7273166225796748	1.0	2.3927375282656036	2.3927375282656036	0.0008026815277247254	2.8122950675745413	0.942
5018	0	SANTA ROSA	333	0.7273166225796748	1.0	0.0	0.0	0.0	0.0	0.942
5016	318.0	SANTA ROSA	333	0.7273166225796748	1.0	0.607255015154399	0.607255015154399	0.00020371326880803085	0.7137349014275371	0.942
5027	2031.0	SANTA ROSA	333	0.7273166225796748	1.0	3.878411747731397	3.878411747731397	0.0013010743677644991	4.5584766817588935	0.942
5013	1172.0	SANTA ROSA	333	0.7273166225796748	1.0	2.238059364028162	2.238059364028162	0.0007507922988773967	2.630494668154319	0.942
5015	2596.0	SANTA ROSA	333	0.7273166225796748	1.0	4.957339683461697	4.957339683461697	0.0016630177541687048	5.826590578949329	0.942
5017	657.0	SANTA ROSA	333	0.7273166225796748	1.0	1.254611776592579	1.254611776592579	0.00042087930065055435	1.4746032397417985	0.942
5019	1303.0	SANTA ROSA	333	0.7273166225796748	1.0	2.4882178765603205	2.4882178765603205	0.0008347119159020888	2.924517536352456	0.942
5001	332.0	SANTA ROSA	333	0.7273166225796748	1.0	0.6339895126769197	0.6339895126769197	0.00021268177749769263	0.7451571926853533	0.942
5002	1675.0	SANTA ROSA	333	0.7273166225796748	1.0	3.1985916678730133	3.1985916678730133	0.001073018003941672	3.759452704060141	0.942
5005	17425.0	SANTA ROSA	333	0.7273166225796748	1.0	33.27490138070881	33.27490138070881	0.011162590279811126	39.109530369103254	0.942
5004	16495.0	SANTA ROSA	333	0.7273166225796748	1.0	31.498966902427078	31.498966902427078	0.010566825059712168	37.022192449834044	0.942
5003	8178.03	SANTA ROSA	333	0.7273166225796748	1.0	15.616823055292858	15.616823055292858	0.005238909508522455	18.355174326796988	0.942
111	1104.0	SANTA ROSA	333	0.7273166225796748	1.0	2.1082060903473474	2.1082060903473474	0.0007072309709561826	2.4778721106163553	0.942
2797	37678.7	SANTA ROSA	333	0.7273166225796748	1.0	71.95150798584292	71.95150798584292	0.024137267740368402	84.56793468684825	0.942
2976	1779.0	SANTA ROSA	333	0.7273166225796748	1.0	3.3971907923260245	3.3971907923260245	0.001139641211350588	3.9928754391182038	0.942
2796	360.0	SANTA ROSA	333	0.7273166225796748	1.0	0.687458507721961	0.687458507721961	0.00023061879487701608	0.8080017752009855	0.942
1962	23745.0	SANTA ROSA	333	0.7273166225796748	1.0	45.34361740516102	45.34361740516102	0.015211231345429854	53.29445042263167	0.942
2929	31627.0	SANTA ROSA	333	0.7273166225796748	1.0	60.39513951034018	60.39513951034018	0.02026050173770941	70.98520040078213	0.942
2979	36493.98	SANTA ROSA	333	0.7273166225796748	1.0	69.6891584212086	69.6891584212086	0.02337832691073869	81.90889062263685	0.942
3	118474.0	URBANO	334	0.7253248844625255	0.9087581234392252	226.86002610285968	206.16089160460842	0	206.16089160460842	0.919
2999	1900.0	SANTA ROSA	333	0.7273166225796748	1.0	3.628253235199239	3.628253235199239	0.0012171547507398071	4.264453813560757	0.942
53	62527.0	COOPERATIVA	334	0.7253248844625255	0.9087581234392252	119.72987197303634	108.8054937738352	0.035410208781257196	108.56415910245644	0.919
378	56845.0	COOPERATIVA	334	0.7253248844625255	0.9087581234392252	108.84969009079678	98.91804010385371	0.03219238597998569	98.69863617603812	0.919
78	96267.56	COOPERATIVA	334	0.7253248844625255	0.9087581234392252	184.33800812379602	167.5186623411055	0.05451811854818244	167.14709965687254	0.919
54	89612.0	COOPERATIVA	334	0.7253248844625255	0.9087581234392252	171.59360415896705	155.93708170967614	0.0507489505222707	155.59120740622976	0.919
85	72500.0	CAUCETE CENTRO	335	0.7767774573976227	0.9810702530860186	129.63100754982418	127.1771253847016	0.04042057265759896	134.21853253819023	0.920
46	22007.0	CAUCETE CENTRO	335	0.7767774573976227	0.9810702530860186	39.34882183653767	38.60395859780866	0.012269455758286626	40.74134131817866	0.920
13	60349.67	URBANO	334	0.7253248844625255	0.9087581234392252	115.56061001991127	105.01664310518669	0	105.01664310518669	0.919
12	106519.0	URBANO	334	0.7253248844625255	0.9087581234392252	203.96798555337466	185.35756379316376	0	185.35756379316376	0.919
74	44254.0	URBANO	334	0.7253248844625255	0.9087581234392252	84.73980447318358	77.00798569365718	0	77.00798569365718	0.919
69	93829.0	URBANO	334	0.7253248844625255	0.9087581234392252	179.66852971289245	163.27523590297284	0	163.27523590297284	0.919
79	46022.0	URBANO	334	0.7253248844625255	0.9087581234392252	88.12526057452106	80.0845464272945	0	80.0845464272945	0.919
75	36294.0	URBANO	334	0.7253248844625255	0.9087581234392252	69.49759261422075	63.15650184764301	0	63.15650184764301	0.919
9	82560.0	URBANO	334	0.7253248844625255	0.9087581234392252	158.09007676833815	143.66564149835804	0	143.66564149835804	0.919
57	119509.66	URBANO	334	0.7253248844625255	0.9087581234392252	228.84316041615787	207.96308102168922	0	207.96308102168922	0.919
17	109737.0	COOPERATIVA	334	0.7253248844625255	0.9087581234392252	210.12997522198552	190.95732196106246	0.062146114175137476	190.533771449554	0.919
840	22406.510000000002	URBANO	334	0.7253248844625255	0.9087581234392252	42.905122165825304	38.99037830534611	0	38.99037830534611	0.919
41	37297.58	CAUCETE CENTRO	335	0.7767774573976227	0.9810702530860186	66.68859137338168	65.42619321663365	0.020794338515070485	69.04864075621731	0.920
40	48827.7	CAUCETE CENTRO	335	0.7767774573976227	0.9810702530860186	87.30460617021448	85.6519520709875	0.02722267028349579	90.39423780986195	0.920
18	59844.0	COOPERATIVA	334	0.7253248844625255	0.9087581234392252	114.59232744821256	104.13670845237087	0.0338907757337719	103.90572932217128	0.919
80	63656.0	URBANO	334	0.7253248844625255	0.9087581234392252	121.89173845403748	110.77010750023595	0	110.77010750023595	0.919
51	93579.4	COOPERATIVA	334	0.7253248844625255	0.9087581234392252	179.19058296917422	162.84089791704756	0.05299576329625249	162.47971068998052	0.919
50	81477.0	COOPERATIVA	334	0.7253248844625255	0.9087581234392252	156.01629342119534	141.78107403538903	0.0461419479724038	141.46659828859282	0.919
52	59973.0	COOPERATIVA	334	0.7253248844625255	0.9087581234392252	114.83934319316309	104.36118601721205	0.03396383084488841	104.12970898734338	0.919
200	23722.0	COOPERATIVA	334	0.7253248844625255	0.9087581234392252	45.424089160592516	41.27951002451611	0.013434211983766745	41.187950521030466	0.919
63	42089.0	COOPERATIVA	334	0.7253248844625255	0.9087581234392252	80.59415262963402	73.24059090388072	0.02383578737816198	73.07814052270682	0.919
55	22921.0	COOPERATIVA	334	0.7253248844625255	0.9087581234392252	43.89029372101598	39.88566095910689	0.012980590712415377	39.79719306519431	0.919
58	75060.0	COOPERATIVA	334	0.7253248844625255	0.9087581234392252	143.7286962479586	130.61462028666128	0.04250788093337542	130.32491215363572	0.919
68	36234.0	COOPERATIVA	334	0.7253248844625255	0.9087581234392252	69.38270157005772	63.052093677949436	0.020519991443377635	62.91224176625149	0.919
61	101697.0	COOPERATIVA	334	0.7253248844625255	0.9087581234392252	194.73457530413864	176.96662722212352	0.05759291190089902	176.5741085969663	0.919
73	60349.0	COOPERATIVA	334	0.7253248844625255	0.9087581234392252	115.55932706991811	105.01547721395845	0.034176766672638866	104.7825489416435	0.919
83	71717.0	COOPERATIVA	334	0.7253248844625255	0.9087581234392252	137.32735023734142	124.79734509856763	0.04061467754994518	124.52053990037693	0.919
60	79491.0	URBANO	334	0.7253248844625255	0.9087581234392252	152.21339985939886	138.32516361853175	0	138.32516361853175	0.919
62	58906.82	COOPERATIVA	334	0.7253248844625255	0.9087581234392252	112.79776763540065	102.50588764448047	0.03336003318310389	102.27852573607822	0.919
77	60146.59	COOPERATIVA	334	0.7253248844625255	0.9087581234392252	115.1717421324341	104.66325625349717	0.03406213810642884	104.43110922050018	0.919
82	17002.0	URBANO	334	0.7253248844625255	0.9087581234392252	32.55629221433243	29.5857950188358	0	29.5857950188358	0.919
56	99821.63999999998	COOPERATIVA	334	0.7253248844625255	0.9087581234392252	191.14354082777874	173.70324547018114	0.05653086048087217	173.317965148306	0.919
65	46012.0	COOPERATIVA	334	0.7253248844625255	0.9087581234392252	88.10611206716055	80.0671450656789	0.026057455602271115	79.88955313100301	0.919
241	1082.0	CAUCETE CENTRO	335	0.7767774573976227	0.9810702530860186	1.9346310368125486	1.8980089609137536	0.000603242201593408	2.003095892500991	0.920
70	53385.03	URBANO	334	0.7253248844625255	0.9087581234392252	102.22436398958376	92.89722118894245	0	92.89722118894245	0.919
59	103997.93	URBANO	334	0.7253248844625255	0.9087581234392252	199.14051280823955	180.97055872034076	0	180.97055872034076	0.919
3009	34534.5	URBANO	334	0.7253248844625255	0.9087581234392252	66.12841274413971	60.09473227137895	0	60.09473227137895	0.919
81	79631.88	URBANO	334	0.7253248844625255	0.9087581234392252	152.48316403109368	138.57031400097225	0	138.57031400097225	0.919
3028	49451.0	CAUCETE CENTRO	335	0.7767774573976227	0.9810702530860186	88.41907523236353	86.7453245158466	0.027570175703323124	91.5481469316696	0.920
2645	2021.0	SANTA ROSA	333	0.7273166225796748	1.0	3.859315678072454	3.859315678072454	0.0012946682901290264	4.53603218800331	0.942
2646	580.0	SANTA ROSA	333	0.7273166225796748	1.0	1.107572040218715	1.107572040218715	0.00037155250285741476	1.3017806378238097	0.942
2794	19783.11	SANTA ROSA	333	0.7273166225796748	1.0	37.77796466305391	37.77796466305391	0.012673213853109572	44.40218888610102	0.942
2795	2058.0	SANTA ROSA	333	0.7273166225796748	1.0	3.9299711358105442	3.9299711358105442	0.0013183707773802753	4.619076814898967	0.942
2924	472.0	SANTA ROSA	333	0.7273166225796748	1.0	0.9013344879021268	0.9013344879021268	0.00030236686439430997	1.0593801052635143	0.942
2479	2723.0	DE LOS RIOS	332	0.8649202547441315	0.9486914290853492	4.372593223132754	4.148241713662726	0.0024196116678775097	5.104654735721182	0.905
2300	521.0	DE LOS RIOS	332	0.8649202547441315	0.9486914290853492	0.8366217661594435	0.7936958989417113	0.0004629517733985246	0.9766893563388672	0.905
2972	2852.0	SANTA ROSA	333	0.7273166225796748	1.0	5.446199066730648	5.446199066730648	0.0018270133416368054	6.4011696190922525	0.942
5029	4116.0	SANTA ROSA	333	0.7273166225796748	1.0	7.8599422716210885	7.8599422716210885	0.0026367415547605506	9.238153629797933	0.942
87	37531.0	COOPERATIVA	334	0.7253248844625255	0.9087581234392252	71.86626297471535	65.3090502794922	0.02125450678537854	65.16419235329207	0.919
86	61694.0	COOPERATIVA	334	0.7253248844625255	0.9087581234392252	118.13480130990618	107.35596035125607	0.03493846531179941	107.1178407994458	0.919
3017	4536.0	CAUCETE CENTRO	335	0.7767774573976227	0.9810702530860186	8.110431037875896	7.956902630965606	0.002528934035515433	8.397451911630771	0.920
3027	48630.3	DE LOS RIOS	332	0.8649202547441315	0.9486914290853492	78.09053258131208	74.08381895260098	0.043212060702307625	91.16448446365838	0.905
84	27711.0	URBANO	334	0.7253248844625255	0.9087581234392252	53.06242874669839	48.22091317297723	0	48.22091317297723	0.919
88	11121.0	COOPERATIVA	334	0.7253248844625255	0.9087581234392252	21.29505503561881	19.352054252703972	0.006298030160672371	19.309130669605423	0.919
3029	8115.0	SANTA ROSA	333	0.7273166225796748	1.0	15.49646052823254	15.49646052823254	0.005198532001186071	18.21370668265555	0.942
10	78451.0	URBANO	334	0.7253248844625255	0.9087581234392252	150.22195509390622	136.51542201050978	0	136.51542201050978	0.919
2302	0	SANTA ROSA	333	0.7273166225796748	1.0	0.0	0.0	0.0	0.0	0.942
137	8530.029999999999	DE LOS RIOS	332	0.8649202547441315	0.9486914290853492	13.697521619948247	12.99472136055617	0.0075796401451873625	15.990766814301777	0.905
95	45541.0	SANTA ROSA	333	0.7273166225796748	1.0	86.96541083379397	86.96541083379397	0.02917391815970608	102.21446901230021	0.942
91	30396.0	URBANO	334	0.7253248844625255	0.9087581234392252	58.20380297299427	52.89317876676467	0	52.89317876676467	0.919
3031	1141.0	DE LOS RIOS	332	0.8649202547441315	0.9486914290853492	1.8322177258885317	1.7382092527686999	0.0010138732695733523	2.1389684368189013	0.905
2969	6622.0	SANTA ROSA	333	0.7273166225796748	1.0	12.645417328152295	12.645417328152295	0.0042421046102100015	14.862743764947016	0.942
2987	1081.0	SANTA ROSA	333	0.7273166225796748	1.0	2.0642851301317777	2.0642851301317777	0.0006924969923945956	2.426249774978515	0.942
1	10436.0	SANTA ROSA	333	0.7273166225796748	1.0	19.928658296073294	19.928658296073294	0.006685382620379278	23.423073683326347	0.942
2965	1767.0	SANTA ROSA	333	0.7273166225796748	1.0	3.3742755087352925	3.3742755087352925	0.0011319539181880206	3.9659420466115036	0.942
89	58288.0	URBANO	334	0.7253248844625255	0.9087581234392252	111.61281970291782	101.42905658498418	0	101.42905658498418	0.919
105	14008.630000000001	CAUCETE CENTRO	335	0.7767774573976227	0.9810702530860186	25.047625121278532	24.573479916936446	0.00781016340342649	25.934038089247835	0.920
102	30673.0	DE LOS RIOS	332	0.8649202547441315	0.9486914290853492	49.25470140769407	46.72751306763745	0.027255508148662084	57.50094554123239	0.905
90	42947.0	COOPERATIVA	334	0.7253248844625255	0.9087581234392252	82.23709456116545	74.73362773049882	0.024321688814890413	74.56786573757252	0.919
2801	10391.0	SANTA ROSA	333	0.7273166225796748	1.0	19.842725982608048	19.842725982608048	0.00665655527101965	23.32207346142622	0.942
2803	2171.0	SANTA ROSA	333	0.7273166225796748	1.0	4.145756722956604	4.145756722956604	0.0013907594546611164	4.872699594337054	0.942
97	40582.0	COOPERATIVA	334	0.7253248844625255	0.9087581234392252	77.70847257040576	70.61820570841044	0.022982345111087682	70.46157187608372	0.919
96	77459.0	URBANO	334	0.7253248844625255	0.9087581234392252	148.32242316374402	134.7892069382427	0	134.7892069382427	0.919
131	11087.876999999999	URBANO	334	0.7253248844625255	0.9087581234392252	21.2316294346886	19.29441572262463	0	19.29441572262463	0.919
132	21634.52	URBANO	334	0.7253248844625255	0.9087581234392252	41.42687654610159	37.64701058998373	0	37.64701058998373	0.919
130	16925.86	URBANO	334	0.7253248844625255	0.9087581234392252	32.41049547928954	29.453301051494652	0	29.453301051494652	0.919
128	18304.127	URBANO	334	0.7253248844625255	0.9087581234392252	35.0496710587138	31.851673298478875	0	31.851673298478875	0.919
129	18809.779999999995	URBANO	334	0.7253248844625255	0.9087581234392252	36.017921077949985	32.731578368979946	0	32.731578368979946	0.919
114	24930.0	COOPERATIVA	334	0.7253248844625255	0.9087581234392252	47.73722884974165	43.38159450768006	0.014118324962284164	43.285372501867016	0.919
113	11578.0	COOPERATIVA	334	0.7253248844625255	0.9087581234392252	22.170141821993933	20.147296478536692	0.006556837802379705	20.10260901831594	0.919
107	4835.0	SANTA ROSA	333	0.7273166225796748	1.0	9.232949680099116	9.232949680099116	0.0030973385367510354	10.851912730824345	0.942
1963	8216.0	SANTA ROSA	333	0.7273166225796748	1.0	15.689330831787867	15.689330831787867	0.005263233385304345	18.440396069586935	0.942
101	3044.0	SANTA ROSA	333	0.7273166225796748	1.0	5.81284360418236	5.81284360418236	0.0019500100322378804	6.832103899199444	0.942
116	0.0	URBANO	334	0.7253248844625255	0.9087581234392252	0.0	0.0	0	0.0	0.919
92	2703.0	URBANO	334	0.7253248844625255	0.9087581234392252	5.175841539544792	4.703588044695516	0	4.703588044695516	0.919
93	1633.0	URBANO	334	0.7253248844625255	0.9087581234392252	3.126951251970642	2.841642351826777	0	2.841642351826777	0.919
108	0	SANTA ROSA	333	0.7273166225796748	1.0	0.0	0.0	0.0	0.0	0.942
124	551.0	SANTA ROSA	333	0.7273166225796748	1.0	1.0521934382077793	1.0521934382077793	0.00035297487771454404	1.2366916059326194	0.942
125	0	SANTA ROSA	333	0.7273166225796748	1.0	0.0	0.0	0.0	0.0	0.942
126	0	SANTA ROSA	333	0.7273166225796748	1.0	0.0	0.0	0.0	0.0	0.942
127	0	SANTA ROSA	333	0.7273166225796748	1.0	0.0	0.0	0.0	0.0	0.942
3032	566.0	CAUCETE CENTRO	335	0.7767774573976227	0.9810702530860186	1.012015865837248	0.9928586616240151	0.0003155592292993243	1.0478301988498713	0.920
5034	0	SANTA ROSA	333	0.7273166225796748	1.0	0.0	0.0	0.0	0.0	0.942
106	813.0	DE LOS RIOS	332	0.8649202547441315	0.9486914290853492	1.305515347193143	1.2385312204215189	0.0007224180264357016	1.5240853103713994	0.905
5031	1172.0	SANTA ROSA	333	0.7273166225796748	1.0	2.238059364028162	2.238059364028162	0.0007507922988773967	2.630494668154319	0.942
5030	260.0	SANTA ROSA	333	0.7273166225796748	1.0	0.49649781113252744	0.49649781113252744	0.0001665580185222894	0.5835568376451562	0.942
120	267.0	SANTA ROSA	333	0.7273166225796748	1.0	0.5098650598937878	0.5098650598937878	0.00017104227286712028	0.5992679832740643	0.942
2480	503.0	SANTA ROSA	333	0.7273166225796748	1.0	0.9605323038448512	0.9605323038448512	0.00032222570506427523	1.1289580359058213	0.942
122	3134.0	CAUCETE CENTRO	335	0.7767774573976227	0.9810702530860186	5.603635553946883	5.49756015111248	0.0017472837890884847	5.801943185857768	0.920
143	113.0	DE LOS RIOS	332	0.8649202547441315	0.9486914290853492	0.18145539266030158	0.1721451757781447	0.0001004098855931541	0.21183473563587718	0.905
2934	254.0	DE LOS RIOS	332	0.8649202547441315	0.9486914290853492	0.4078731835019168	0.38694579334202434	0.00022570009682001008	0.4761594942611752	0.905
140	547.0	DE LOS RIOS	332	0.8649202547441315	0.9486914290853492	0.8783725644706634	0.8333045234570366	0.0004860549329155335	1.0254300919719008	0.905
2800	2758.0	DE LOS RIOS	332	0.8649202547441315	0.9486914290853492	4.428796220859396	4.201561015894894	0.002450712074919637	5.170267264457958	0.905
134	653.0	DE LOS RIOS	332	0.8649202547441315	0.9486914290853492	1.0485873575856366	0.9947858387887477	0.0005802447371002622	1.224142321860423	0.905
133	1399.0	DE LOS RIOS	332	0.8649202547441315	0.9486914290853492	2.2465141091306364	2.131248680651544	0.0012431276986267486	2.622626505792851	0.905
146	0	CAUCETE CENTRO	335	0.7767774573976227	0.9810702530860186	0.0	0.0	0.0	0.0	0.920
99	5885.0	SANTA ROSA	333	0.7273166225796748	1.0	11.23803699428817	11.23803699428817	0.0037699766884756658	13.208584575160554	0.942
138	21673.14	DE LOS RIOS	332	0.8649202547441315	0.9486914290853492	34.802726804262726	33.017048628002996	0.019258385025171784	40.62941488760491	0.905
5032	2886.0	SANTA ROSA	333	0.7273166225796748	1.0	5.511125703571055	5.511125703571055	0.0018487940055974122	6.477480897861233	0.942
3036	146.0	CAUCETE CENTRO	335	0.7767774573976227	0.9810702530860186	0.26105002899688734	0.25610841801608875	8.139867045530275e-05	0.27028835518035554	0.920
3034	2022.0	CAUCETE CENTRO	335	0.7767774573976227	0.9810702530860186	3.6153641002171653	3.5469261727981602	0.0011273158332919325	3.7433085902375267	0.920
154	463.0	SANTA ROSA	333	0.7273166225796748	1.0	0.8841480252090778	0.8841480252090778	0.00029660139452238456	1.0391800608834896	0.942
153	211.0	DE LOS RIOS	332	0.8649202547441315	0.9486914290853492	0.3388237862948994	0.32143922202821706	0.00018749102531111074	0.39554981609885026	0.905
242	7205.2	SANTA ROSA	333	0.7273166225796748	1.0	13.759100110661873	13.759100110661873	0.0046157070579107675	16.171706640772612	0.942
147	756.0	DE LOS RIOS	332	0.8649202547441315	0.9486914290853492	1.2139847508954689	1.151696928214844	0.0006717687921099512	1.417230620714364	0.905
144	829.0	CAUCETE CENTRO	335	0.7767774573976227	0.9810702530860186	1.482263520811093	1.454204647502312	0.00046218834114689024	1.5347194961953066	0.920
135	7466.0	DE LOS RIOS	332	0.8649202547441315	0.9486914290853492	11.98890231506028	11.373768870439187	0.006634161113614942	13.99608970139344	0.905
136	0.0	DE LOS RIOS	332	0.8649202547441315	0.9486914290853492	0.0	0.0	0.0	0.0	0.905
2994	45224.0	SANTA ROSA	333	0.7273166225796748	1.0	86.36006542560547	86.36006542560547	0.0289708454986616	101.50297856024825	0.942
1533	50077.0	CAUCETE CENTRO	335	0.7767774573976227	0.9810702530860186	89.5383719320351	87.84343321227175	0.027919186441028733	92.70705453675797	0.920
100	801.0	CAUCETE CENTRO	335	0.7767774573976227	0.9810702530860186	1.4321991316884024	1.405087964595117	0.0004465776372239555	1.4828833732840054	0.920
103	496.0	SANTA ROSA	333	0.7273166225796748	1.0	0.9471650550835908	0.9471650550835908	0.00031774145071944437	1.1132468902769133	0.942
110	3814.0	SANTA ROSA	333	0.7273166225796748	1.0	7.283240967920999	7.283240967920999	0.0024432780101692757	8.56032991837933	0.942
1244	7024.0	DE LOS RIOS	332	0.8649202547441315	0.9486914290853492	11.279138743769542	10.700422253678656	0.00624140740182579	13.167497195631867	0.905
117	428.0	SANTA ROSA	333	0.7273166225796748	1.0	0.8173117814027759	0.8173117814027759	0.0002741801227982302	0.9606243327389493	0.942
121	914.0	CAUCETE CENTRO	335	0.7767774573976227	0.9810702530860186	1.6342447020764042	1.6033088634705828	0.0005095779780557993	1.6920791550331846	0.920
123	235.0	CAUCETE CENTRO	335	0.7767774573976227	0.9810702530860186	0.42018326585115423	0.4122293029711017	0.0001310184079246311	0.4350531744341339	0.920
2584	19545.0	DE LOS RIOS	332	0.8649202547441315	0.9486914290853492	31.385359730491984	29.775021775078212	0.01736735587538227	36.63991069029397	0.905
5033	1644.0	SANTA ROSA	333	0.7273166225796748	1.0	3.139393851930289	3.139393851930289	0.0010531591632717068	3.689874773417834	0.942
2297	1433.0	DE LOS RIOS	332	0.8649202547441315	0.9486914290853492	2.3011113069222313	2.183044574248507	0.0012733395226105291	2.686364390851433	0.905
337	5042.0	SANTA ROSA	333	0.7273166225796748	1.0	9.628238322039245	9.628238322039245	0.00322994434380532	11.316513751564914	0.942
1212	3917.85	DE LOS RIOS	332	0.8649202547441315	0.9486914290853492	6.291283275523562	5.968486521437205	0.003481335135142821	7.344572734610809	0.905
335	4554.0	CAUCETE CENTRO	335	0.7767774573976227	0.9810702530860186	8.142615288026198	7.988477641405946	0.0025389694880373196	8.430775133502323	0.920
6002	48192.0	SANTA ROSA	333	0.7273166225796748	1.0	92.02777890037986	92.02777890037986	0.030872169340869886	108.16450430690526	0.942
6003	23576.0	CAUCETE CENTRO	335	0.7767774573976227	0.9810702530860186	42.15421564130558	41.35624700785827	0.013144212703111077	43.64601549131549	0.920
6013	52611.399999999994	CAUCETE CENTRO	335	0.7767774573976227	0.9810702530860186	94.0699143531975	92.28919468227157	0.02933217815611037	97.3989641762723	0.920
2927	14956.0	SANTA ROSA	333	0.7273166225796748	1.0	28.560081781915695	28.560081781915695	0.009580929711612923	33.567984860849826	0.942
6006	83332.8	SANTA ROSA	333	0.7273166225796748	1.0	159.13289536747956	159.13289536747956	0.053383638638131684	187.0362509235241	0.942
6007	83606.18	SANTA ROSA	333	0.7273166225796748	1.0	159.65494371981572	159.65494371981572	0.05355876798853022	187.6498384938142	0.942
6008	41546.36	CAUCETE CENTRO	335	0.7767774573976227	0.9810702530860186	74.2854690596926	72.87926393100622	0.02316314017984501	76.91436512418434	0.920
208	6544.0	CAUCETE CENTRO	335	0.7767774573976227	0.9810702530860186	11.700762943531716	11.479270462310168	0.003648444516845898	12.114842440412646	0.920
6009	8114.0	CAUCETE CENTRO	335	0.7767774573976227	0.9810702530860186	14.507944762196875	14.233313039606466	0.0045237589868104555	15.02136790365346	0.920
6010	58257.0	CAUCETE CENTRO	335	0.7767774573976227	0.9810702530860186	104.16432561144975	102.19252129015946	0.03247974208708611	107.85060758727379	0.920
527	6774.469999999999	SANTA ROSA	333	0.7273166225796748	1.0	12.936575102242204	12.936575102242204	0.004339778075918053	15.204954961238387	0.942
400	3847.0	DE LOS RIOS	332	0.8649202547441315	0.9486914290853492	6.177512350125488	5.860553019632943	0.0034183790254589713	7.211754230010791	0.905
2792	2486.3900000000003	SANTA ROSA	333	0.7273166225796748	1.0	4.74802766393002	4.74802766393002	0.0015928007372062892	5.580576482894385	0.942
21	264.0	CAUCETE CENTRO	335	0.7767774573976227	0.9810702530860186	0.4720356688710839	0.4631001531249823	0.0001471866369876707	0.48874058744940996	0.920
252	2550.0	CAUCETE CENTRO	335	0.7767774573976227	0.9810702530860186	4.559435437959333	4.473126479048125	0.001421689107267274	4.720789765136347	0.920
2961	1964.0	SANTA ROSA	333	0.7273166225796748	1.0	3.7504680810164768	3.7504680810164768	0.0012581536476068322	4.4080985735964875	0.942
6011	5346.0	SANTA ROSA	333	0.7273166225796748	1.0	10.208758839671122	10.208758839671122	0.0034246891039236885	11.998826361734633	0.942
6012	93919.0	SANTA ROSA	333	0.7273166225796748	1.0	179.34837662983017	179.34837662983017	0.06016524054459576	210.7964409030593	0.942
2942	5170.4	CAUCETE CENTRO	335	0.7767774573976227	0.9810702530860186	9.244747054284288	9.06974633226291	0.002882627984397926	9.571910353592534	0.920
695	21605.339999999997	SANTA ROSA	333	0.7273166225796748	1.0	41.25770776451554	41.25770776451554	0.013840548538078305	48.492091871724604	0.942
6016	37737.600000000006	SANTA ROSA	333	0.7273166225796748	1.0	72.06398383613411	72.06398383613411	0.02417499953764134	84.70013275506864	0.942
2984	207.0	DE LOS RIOS	332	0.8649202547441315	0.9486914290853492	0.3324005865547117	0.31534558748739777	0.00018393669307772474	0.38805124138607583	0.905
2964	4856.0	DE LOS RIOS	332	0.8649202547441315	0.9486914290853492	7.797764484587827	7.397672332554607	0.004314959331330586	9.103269701308138	0.905
969	0	SANTA ROSA	333	0.7273166225796748	1.0	0.0	0.0	0.0	0.0	0.942
3013	346.0	DE LOS RIOS	332	0.8649202547441315	0.9486914290853492	0.5556067775262331	0.5270993877808677	0.0003074497381878877	0.6486267126549866	0.905
3016	2165.0	CAUCETE CENTRO	335	0.7767774573976227	0.9810702530860186	3.871050087522336	3.7977720890741926	0.0012070419283269208	4.008043075105957	0.920
3117	12529.0	DE LOS RIOS	332	0.8649202547441315	0.9486914290853492	20.11906738620282	19.08678679048119	0.011133057138023253	23.487410644087653	0.905
6015	10192.5	SANTA ROSA	333	0.7273166225796748	1.0	19.463668999878024	19.463668999878024	0.006529394629955518	22.876550260377904	0.942
3025	13645.0	URBANO	334	0.7253248844625255	0.9087581234392252	26.12813829341054	23.744157924480323	0	23.744157924480323	0.919
2242	6577.0	SANTA ROSA	333	0.7273166225796748	1.0	12.55948501468705	12.55948501468705	0.004213277260850374	14.761743543046892	0.942
109	2824.3199999999997	SANTA ROSA	333	0.7273166225796748	1.0	5.393341145914691	5.393341145914691	0.0018092813187418166	6.339043260376798	0.942
3033	5882.79	DE LOS RIOS	332	0.8649202547441315	0.9486914290853492	9.44658379989465	8.961893085096564	0.0052273475298101856	11.028135083640548	0.905
145	0	SANTA ROSA	333	0.7273166225796748	1.0	0.0	0.0	0.0	0.0	0.942
