ID_SETA	Mes_1	SETA_dist	ID_Alimentador	FC	Valor_Inst	Pmax	D_Instantanea	D.Int_PU	D.Int_Ajustada_1	FP
2943	71442.0	URBANO	334	0.7253248844625255	0.5336949514260944	136.8007662849275	73.00987831748687	0	73.00987831748687	0.871
3012	34069.0	CAUCETE CENTRO	335	0.7767774573976227	0.6170973403218086	60.91584546503393	37.59100621992675	0.018994323998230887	39.672304875664956	0.889
2982	4363.0	SANTA ROSA	333	0.7273166225796748	0.5819915087944628	8.33161519219699	4.848929296401595	0.002794971672356727	5.699170837669155	0.930
2986	23649.0	SANTA ROSA	333	0.7273166225796748	0.5819915087944628	45.16029513643516	26.28290830405714	0.015149733000129322	30.891517565903698	0.930
205	1451.0	DE LOS RIOS	332	0.8649202547441315	0.7223941001888659	2.330015705753076	1.6831895991834185	0.0012893340176607666	2.071263526011315	0.877
1354	2497.0	DE LOS RIOS	332	0.8649202547441315	0.7223941001888659	4.009682437812151	2.8965709367064068	0.002218791896691202	3.564400430358549	0.877
2073	2220.29	DE LOS RIOS	332	0.8649202547441315	0.7223941001888659	3.565341537785318	2.575581692054412	0.001972912078616143	3.169404337813689	0.877
828	4910.0	SANTA ROSA	333	0.7273166225796748	0.5819915087944628	9.376170202541191	5.456851442890632	0.003145384119017082	6.413689849405351	0.930
115	9495.0	SANTA ROSA	333	0.7273166225796748	0.5819915087944628	18.131718141166722	10.552505998013553	0.0060825707148813015	12.402848293300163	0.930
1245	8929.0	DE LOS RIOS	332	0.8649202547441315	0.7223941001888659	14.338187620033919	10.35782214411354	0.00793415812797587	12.745907666268115	0.877
848	6492.3	DE LOS RIOS	332	0.8649202547441315	0.7223941001888659	10.425334918305097	7.531200437476574	0.00576894778970296	9.267583866246218	0.877
1945	31876.5	DE LOS RIOS	332	0.8649202547441315	0.7223941001888659	51.187281629523035	36.97739025387335	0.028324917859382095	45.50284754438296	0.877
2970	2638.1	DE LOS RIOS	332	0.8649202547441315	0.7223941001888659	4.236260808647271	3.060249815028102	0.0023441709662238926	3.7658168904000346	0.877
2971	23042.09	DE LOS RIOS	332	0.8649202547441315	0.7223941001888659	37.000986625345206	26.72929443931651	0.020474810802895226	32.89196456241906	0.877
3002	12858.0	SANTA ROSA	333	0.7273166225796748	0.5819915087944628	24.553726367469377	14.290060255129887	0.008236934623690762	16.795768652475356	0.930
1067	1217.0	SANTA ROSA	333	0.7273166225796748	0.5819915087944628	2.3239916774934075	1.352543422810163	0.0007796196482370242	1.5897068323271513	0.930
821	16593.7	SANTA ROSA	333	0.7273166225796748	0.5819915087944628	31.68744510996085	18.44182398938784	0.010630053045974289	21.675528564985253	0.930
210	372.0	SANTA ROSA	333	0.7273166225796748	0.5819915087944628	0.7103737913126931	0.4134315146141171	0.0002383060880395834	0.48592517799975365	0.930
784	38534.0	SANTA ROSA	333	0.7273166225796748	0.5819915087944628	73.58479482377236	42.82572576381825	0.02468517956053039	50.33505593828631	0.930
2960	519.0	SANTA ROSA	333	0.7273166225796748	0.5819915087944628	0.9910860152991605	0.5768036453890505	0.00033247542928103167	0.677943998338366	0.930
646	270.0	SANTA ROSA	333	0.7273166225796748	0.5819915087944628	0.5155938807914708	0.3000712606070205	0.00017296409615776215	0.35268762919336966	0.930
2952	0	SANTA ROSA	333	0.7273166225796748	0.5819915087944628	0.0	0.0	0.0	0.0	0.930
2959	7810.0	SANTA ROSA	333	0.7273166225796748	0.5819915087944628	14.914030403634767	8.679839056817888	0.0050031466333041565	10.20181623703784	0.930
2956	864.0	SANTA ROSA	333	0.7273166225796748	0.5819915087944628	1.6499004185327066	0.9602280339424656	0.0005534851077048389	1.1286004134187828	0.930
2088	5958.0	DE LOS RIOS	332	0.8649202547441315	0.7223941001888659	9.56735601300953	6.911401538204554	0.005294177861628427	8.504884967591604	0.877
560	19772.670000000002	DE LOS RIOS	332	0.8649202547441315	0.7223941001888659	31.75095220170412	22.936700545889735	0.017569659580276023	28.22495532933022	0.877
1638	4115.08	DE LOS RIOS	332	0.8649202547441315	0.7223941001888659	6.607995196712865	4.773576744181738	0.003656590371740501	5.874166168586245	0.877
2396	573.0	DE LOS RIOS	332	0.8649202547441315	0.7223941001888659	0.9201233627818832	0.664691688719572	0.0005091580924325426	0.8179421091691824	0.877
1951	651.39	DE LOS RIOS	332	0.8649202547441315	0.7223941001888659	1.046002019690211	0.7556256878098463	0.0005788141183763245	0.9298417286068302	0.877
570	11547.990000000002	DE LOS RIOS	332	0.8649202547441315	0.7223941001888659	18.543761591922443	13.395903969313665	0.01026134827195476	16.484445544964444	0.877
2940	45630.5	CAUCETE CENTRO	335	0.7767774573976227	0.6170973403218086	81.58796813796211	50.34771814019688	0.02544015090555269	53.13531678737357	0.889
1594	68410.24	CAUCETE CENTRO	335	0.7767774573976227	0.6170973403218086	122.31845983345221	75.48239623548334	0.038140428640603914	79.66162487591096	0.889
1595	87637.0	CAUCETE CENTRO	335	0.7767774573976227	0.6170973403218086	156.69617391233024	96.69679215990256	0.048859830703365525	102.05059680027736	0.889
2937	78220.0	DE LOS RIOS	332	0.8649202547441315	0.7223941001888659	125.60567091936981	90.73679562241695	0.06950496682386297	111.6569490038629	0.877
2947	4368.68	DE LOS RIOS	332	0.8649202547441315	0.7223941001888659	7.015226060240764	5.067757917409109	0.003881935035337173	6.236173356867755	0.877
593	6004.0	DE LOS RIOS	332	0.8649202547441315	0.7223941001888659	9.641222810021688	6.964762476565986	0.005335052682312366	8.570548732027524	0.877
2948	3251.0	DE LOS RIOS	332	0.8649202547441315	0.7223941001888659	5.220455588837526	3.7712263176742202	0.00288878352268446	4.640715177851678	0.877
594	6662.200000000001	DE LOS RIOS	332	0.8649202547441315	0.7223941001888659	10.69816032726957	7.728287903294123	0.00591991805131603	9.51011155271715	0.877
859	3382.96	DE LOS RIOS	332	0.8649202547441315	0.7223941001888659	5.4323569482663165	3.924302609547579	0.0030060409430638637	4.829084533394375	0.877
2074	479.0	DE LOS RIOS	332	0.8649202547441315	0.7223941001888659	0.769178168887473	0.5556497711983855	0.00042563128494797184	0.6837596340175188	0.877
596	524.0	DE LOS RIOS	332	0.8649202547441315	0.7223941001888659	0.8414391659645842	0.6078506891606555	0.00046561752257356416	0.7479959253135279	0.877
1874	16189.38	DE LOS RIOS	332	0.8649202547441315	0.7223941001888659	25.99690535244985	18.78001104977812	0.014385608793133607	23.109905101817414	0.877
956	4640.0	SANTA ROSA	333	0.7273166225796748	0.5819915087944628	8.86057632174972	5.156780182283612	0.00297242002285932	6.061002220211981	0.930
2258	4717.299999999999	DE LOS RIOS	332	0.8649202547441315	0.7223941001888659	7.575040033596818	5.47216422896481	0.004191712861137928	6.733819042903636	0.877
2286	12656.0	DE LOS RIOS	332	0.8649202547441315	0.7223941001888659	20.323003977953775	14.68121817178866	0.01124590718643326	18.066100058717577	0.877
582	3035.0	DE LOS RIOS	332	0.8649202547441315	0.7223941001888659	4.873602802867392	3.520661911455324	0.002696849582081617	4.332380979630835	0.877
2962	350.0	SANTA ROSA	333	0.7273166225796748	0.5819915087944628	0.6683624380630178	0.38898126374984143	0.00022421271724154356	0.45718766747288664	0.930
957	7091.0	SANTA ROSA	333	0.7273166225796748	0.5819915087944628	13.54102299515674	7.880760403571786	0.004542549651313671	9.26262214300068	0.930
958	5427.24	SANTA ROSA	333	0.7273166225796748	0.5819915087944628	10.363895309580377	6.03169906821054	0.0034767320786342703	7.089334846901568	0.930
2949	78.0	SANTA ROSA	333	0.7273166225796748	0.5819915087944628	0.14894934333975823	0.08668725306425036	4.996740555668684e-05	0.10188753732252899	0.930
2966	114.0	SANTA ROSA	333	0.7273166225796748	0.5819915087944628	0.21769519411195434	0.12669675447851977	7.302928504438846e-05	0.14891255454831162	0.930
2968	4176.49	SANTA ROSA	333	0.7273166225796748	0.5819915087944628	7.975454396988036	4.6416467378245	0.002675491918377526	5.455542060925245	0.930
520	27580.54	SANTA ROSA	333	0.7273166225796748	0.5819915087944628	52.66799130712738	30.652323726008717	0.017668308046825947	36.02709357212185	0.930
644	1904.0	SANTA ROSA	333	0.7273166225796748	0.5819915087944628	3.6358916630628166	2.1160580747991373	0.001219717181793997	2.487100911052503	0.930
1046	2342.53	DE LOS RIOS	332	0.8649202547441315	0.7223941001888659	3.761634521845454	2.7173825856479215	0.002081532471668419	3.343898654436448	0.877
2992	10531.22	DE LOS RIOS	332	0.8649202547441315	0.7223941001888659	16.91103239196479	12.216430028058166	0.009357863675719792	15.033033680496818	0.877
524	7212.17	DE LOS RIOS	332	0.8649202547441315	0.7223941001888659	11.58130211754732	8.366264322221003	0.006408612075914852	10.295178955474173	0.877
1106	8385.27	DE LOS RIOS	332	0.8649202547441315	0.7223941001888659	13.465066021350859	9.727084252477425	0.007451008861661127	11.969747695904134	0.877
2950	4419.93	DE LOS RIOS	332	0.8649202547441315	0.7223941001888659	7.097523306911919	5.127208962866139	0.003927474917077432	6.309331355288211	0.877
1213	0	DE LOS RIOS	332	0.8649202547441315	0.7223941001888659	0.0	0.0	0.0	0.0	0.877
2643	13068.779999999999	DE LOS RIOS	332	0.8649202547441315	0.7223941001888659	20.98584607514244	15.160051392154566	0.011612696501257527	18.65533242141017	0.877
2967	1642.0	DE LOS RIOS	332	0.8649202547441315	0.7223941001888659	2.636723493347037	1.9047534954232757	0.0014590533818049473	2.3439108957343757	0.877
2973	6257.0	DE LOS RIOS	332	0.8649202547441315	0.7223941001888659	10.047490193588557	7.2582476375538585	0.005559864196074029	8.931699436425085	0.877
2963	305.0	SANTA ROSA	333	0.7273166225796748	0.5819915087944628	0.5824301245977725	0.33896938698200463	0.00019538536788191649	0.39840639594065824	0.930
2989	1923.0	SANTA ROSA	333	0.7273166225796748	0.5819915087944628	3.672174195414809	2.137174200545557	0.0012318887293013947	2.5119196701438877	0.930
968	26936.0	SANTA ROSA	333	0.7273166225796748	0.5819915087944628	51.437173233329844	29.935998058187792	0.017255410718909188	35.18516288871334	0.930
1002	17241.0	DE LOS RIOS	332	0.8649202547441315	0.7223941001888659	27.685596680143888	19.999911701944395	0.015320060508951946	24.611064405210943	0.877
2957	645.0	DE LOS RIOS	332	0.8649202547441315	0.7223941001888659	1.0357409581052612	0.748213157459204	0.0005731360726334904	0.920720175242797	0.877
2988	239.0	DE LOS RIOS	332	0.8649202547441315	0.7223941001888659	0.38378618447621304	0.277244875399612	0.0002123713509448127	0.3411660804388038	0.877
833	8277.66	DE LOS RIOS	332	0.8649202547441315	0.7223941001888659	13.29226589034046	9.60225445732365	0.007355388438752461	11.816137311318277	0.877
523	4382.0	DE LOS RIOS	332	0.8649202547441315	0.7223941001888659	7.036615315375588	5.0832093891259404	0.0038937709616743478	6.255187299091372	0.877
1356	1066.0	SANTA ROSA	333	0.7273166225796748	0.5819915087944628	2.0356410256433626	1.1847257918780885	0.0006828878759413869	1.3924630100745632	0.930
1382	1022.0	SANTA ROSA	333	0.7273166225796748	0.5819915087944628	1.9516183191440117	1.135825290149537	0.0006547011343453072	1.334987989020829	0.930
635	186.0	DE LOS RIOS	332	0.8649202547441315	0.7223941001888659	0.2986787879187265	0.2157637942440495	0.00016527644885244835	0.26551000402350416	0.877
1355	29867.0	DE LOS RIOS	332	0.8649202547441315	0.7223941001888659	47.96042666004626	34.64632926175821	0.026539310203634817	42.63434026973119	0.877
1243	1456.0	DE LOS RIOS	332	0.8649202547441315	0.7223941001888659	2.3380447054283104	1.6889897011792263	0.001293776932952499	2.0784008917108716	0.877
1543	18952.03	DE LOS RIOS	332	0.8649202547441315	0.7223941001888659	30.433168543007213	21.984741405521792	0.016840452779274553	27.0535137717934	0.877
2	3373.0	SANTA ROSA	333	0.7273166225796748	0.5819915087944628	6.441104295961597	3.748668007509186	0.0021607699864449326	4.405982863960133	0.930
2978	1424.0	SANTA ROSA	333	0.7273166225796748	0.5819915087944628	2.719280319433535	1.582598055942212	0.0009122254552913086	1.8601006813754015	0.930
2724	343.0	SANTA ROSA	333	0.7273166225796748	0.5819915087944628	0.6549951893017574	0.38120163847484456	0.00021972846289671264	0.4480439141234288	0.930
2683	33949.0	DE LOS RIOS	332	0.8649202547441315	0.7223941001888659	54.51530199490777	39.38153253113568	0.030166506247805213	48.46128562684916	0.877
1352	69541.38	DE LOS RIOS	332	0.8649202547441315	0.7223941001888659	111.66954348707296	80.6694193858455	0.0617932921220359	99.2684520623658	0.877
1374	6913.0	DE LOS RIOS	332	0.8649202547441315	0.7223941001888659	11.100894950979335	8.01922101940384	0.006142774682349331	9.868121816206907	0.877
2977	3258.0	DE LOS RIOS	332	0.8649202547441315	0.7223941001888659	5.2316961883828546	3.7793464604683513	0.002895003604092886	4.650707489831058	0.877
2660	279.0	DE LOS RIOS	332	0.8649202547441315	0.7223941001888659	0.4480181818780897	0.3236456913660743	0.00024791467327867257	0.39826500603525633	0.877
2975	39043.48	DE LOS RIOS	332	0.8649202547441315	0.7223941001888659	62.69601764800559	45.291233254256255	0.03469337486689028	55.733518988664564	0.877
1353	11136.199999999999	DE LOS RIOS	332	0.8649202547441315	0.7223941001888659	17.88250923666947	12.918219169142924	0.009895438654358255	15.896626380680361	0.877
1318	164.0	DE LOS RIOS	332	0.8649202547441315	0.7223941001888659	0.2633511893476943	0.19024334546249527	0.00014572762156882544	0.23410559494545533	0.877
540	2087.0	CAUCETE CENTRO	335	0.7767774573976227	0.6170973403218086	3.7315850035376976	2.30275118086786	0.0011635549673987455	2.430247447107716	0.889
541	3432.0	CAUCETE CENTRO	335	0.7767774573976227	0.6170973403218086	6.136463695324091	3.786795425365834	0.0019134262808397195	3.9964586672130715	0.889
2395	1547.0	DE LOS RIOS	332	0.8649202547441315	0.7223941001888659	2.48417249951758	1.7945515575029278	0.00137463799126203	2.208300947442801	0.877
2228	301.0	DE LOS RIOS	332	0.8649202547441315	0.7223941001888659	0.4833457804491219	0.34916614014762853	0.0002674635005622955	0.42966941511330525	0.877
651	1051.0	DE LOS RIOS	332	0.8649202547441315	0.7223941001888659	1.6876957317343093	1.2191814395187959	0.0009339007943221679	1.50027427004679	0.877
31	525.0	CAUCETE CENTRO	335	0.7767774573976227	0.6170973403218086	0.938707296050451	0.5792737757334099	0.000292700698555027	0.6113463870299716	0.889
27	3547.2	CAUCETE CENTRO	335	0.7767774573976227	0.6170973403218086	6.342442896286018	3.9139046424410506	0.001977653176979794	4.130605531567077	0.889
805	2519.0	DE LOS RIOS	332	0.8649202547441315	0.7223941001888659	4.045010036383183	2.922091385487961	0.002238340723974825	3.595804839436598	0.877
3020	25523.28	DE LOS RIOS	332	0.8649202547441315	0.7223941001888659	40.98528136618426	29.60752545351217	0.022679554201433968	36.43379664243561	0.877
2543	881.0	DE LOS RIOS	332	0.8649202547441315	0.7223941001888659	1.4147097427763335	1.0219779716613313	0.0007828416744032635	1.2576038362618667	0.877
1105	459.0	DE LOS RIOS	332	0.8649202547441315	0.7223941001888659	0.7370621701865347	0.5324493632151545	0.00040785962378104196	0.6552101712192927	0.877
656	7668.0	DE LOS RIOS	332	0.8649202547441315	0.7223941001888659	12.313273901939755	8.895036420770815	0.006813654891400935	10.945864036839946	0.877
204	3428.0	DE LOS RIOS	332	0.8649202547441315	0.7223941001888659	5.50468217734083	3.9765499283258157	0.00304606272401179	4.89337792361598	0.877
3001	16617.0	DE LOS RIOS	332	0.8649202547441315	0.7223941001888659	26.683577520674614	19.276058972867585	0.014765584680543734	23.720321165906288	0.877
3014	3035.0	CAUCETE CENTRO	335	0.7767774573976227	0.6170973403218086	5.426622178120226	3.3487541130493317	0.0016920888002181086	3.5341643516875503	0.889
2898	8157.36	DE LOS RIOS	332	0.8649202547441315	0.7223941001888659	13.099088158154315	9.462704003304514	0.007248491896833377	11.644412292586948	0.877
2944	724.0	CAUCETE CENTRO	335	0.7767774573976227	0.6170973403218086	1.294522061601003	0.7988461212018834	0.0004036482014358849	0.8430757794470466	0.889
2377	4602.0	SANTA ROSA	333	0.7273166225796748	0.5819915087944628	8.788011257045737	5.114547930790772	0.0029480769278445243	6.011364702029212	0.930
2583	364.0	SANTA ROSA	333	0.7273166225796748	0.5819915087944628	0.6950969355855384	0.40454051429983506	0.00023318122593120528	0.475475174171802	0.930
2549	102.0	SANTA ROSA	333	0.7273166225796748	0.5819915087944628	0.19477991052122232	0.11336025400709664	6.534199188182126e-05	0.13323754880638408	0.930
3010	1927.0	SANTA ROSA	333	0.7273166225796748	0.5819915087944628	3.6798126232783863	2.1416197007026985	0.0012344511603555842	2.5171446720578645	0.930
1228	314.0	SANTA ROSA	333	0.7273166225796748	0.5819915087944628	0.5996165872908216	0.348971762335572	0.0002011508377538419	0.4101626502471039	0.930
104	31092.0	SANTA ROSA	333	0.7273166225796748	0.5819915087944628	59.37349978358671	34.55487272145734	0.019917776584211636	40.61393987733426	0.930
11	3202.0	SANTA ROSA	333	0.7273166225796748	0.5819915087944628	6.114561504793665	3.558622875791406	0.0020512260588783494	4.182614032137665	0.930
42	1403.0	CAUCETE CENTRO	335	0.7767774573976227	0.6170973403218086	2.508583497826253	1.5480402044837602	0.0007822077715670532	1.63375044000581	0.889
2997	2160.5699999999997	CAUCETE CENTRO	335	0.7767774573976227	0.6170973403218086	3.863129185957567	2.383926745973968	0.0012045720919562565	2.5159174541435156	0.889
2930	27358.0	SANTA ROSA	333	0.7273166225796748	0.5819915087944628	52.243027372937256	30.404998324766176	0.01752574719512614	35.73640059063781	0.930
1759	5148.49	SANTA ROSA	333	0.7273166225796748	0.5819915087944628	9.831592367837331	5.721903276009773	0.0032981626645454693	6.725217526021376	0.930
5006	8964.0	SANTA ROSA	333	0.7273166225796748	0.5819915087944628	17.11771684227683	9.96236585215308	0.005742407992437703	11.709229289219872	0.930
5000	52.0	SANTA ROSA	333	0.7273166225796748	0.5819915087944628	0.09929956222650549	0.05779150204283358	3.33116037044579e-05	0.067925024881686	0.930
5026	132.0	SANTA ROSA	333	0.7273166225796748	0.5819915087944628	0.2520681194980524	0.14670150518565447	8.456022478823927e-05	0.17242506316120293	0.930
5007	133.0	SANTA ROSA	333	0.7273166225796748	0.5819915087944628	0.25397772646394673	0.1478128802249397	8.520083255178653e-05	0.17373131363969688	0.930
5008	289.0	SANTA ROSA	333	0.7273166225796748	0.5819915087944628	0.5518764131434633	0.32118738635344046	0.00018513564366516022	0.37750638828475486	0.930
5011	511.0	SANTA ROSA	333	0.7273166225796748	0.5819915087944628	0.9758091595720059	0.5679126450747685	0.0003273505671726536	0.6674939945104145	0.930
5009	7888.47	SANTA ROSA	333	0.7273166225796748	0.5819915087944628	15.063877262248496	8.767048656150605	0.005053415124509712	10.304317712085263	0.930
2644	620.0	SANTA ROSA	333	0.7273166225796748	0.5819915087944628	1.1839563188544886	0.6890525243568619	0.0003971768133993057	0.8098752966662562	0.930
2922	282.0	SANTA ROSA	333	0.7273166225796748	0.5819915087944628	0.5385091643822029	0.31340776107844365	0.00018065138932032935	0.36836263493529714	0.930
1973	12352.0	SANTA ROSA	333	0.7273166225796748	0.5819915087944628	23.587465242726843	13.727704485251545	0.007912787095335844	16.134805910357414	0.930
2951	4220.93	SANTA ROSA	333	0.7273166225796748	0.5819915087944628	8.060317330552381	4.691036244570338	0.002703960527389567	5.513591832189518	0.930
2993	1175.0	SANTA ROSA	333	0.7273166225796748	0.5819915087944628	2.243788184925845	1.3058656711601817	0.000752714122168039	1.5348443122304047	0.930
1357	654.0	SANTA ROSA	333	0.7273166225796748	0.5819915087944628	1.248882955694896	0.7268392756925608	0.00041895747735991274	0.8542878129350508	0.930
2548	1214.0	SANTA ROSA	333	0.7273166225796748	0.5819915087944628	2.3182628565957244	1.3492092976923071	0.0007776978249463825	1.5857880808916696	0.930
1326	421.0	SANTA ROSA	333	0.7273166225796748	0.5819915087944628	0.8039445326415156	0.4678888915390949	0.0002696958684533995	0.5499314514459578	0.930
1488	15453.33	SANTA ROSA	333	0.7273166225796748	0.5819915087944628	29.509786614263923	17.174445235838103	0.009899523170657891	20.185919706825093	0.930
1231	2856.4	DE LOS RIOS	332	0.8649202547441315	0.7223941001888659	4.5868069344680125	3.31348226816507	0.002538148647860933	4.077434276842674	0.877
401	931.91	DE LOS RIOS	332	0.8649202547441315	0.7223941001888659	1.496461017469572	1.0810346101826462	0.0008280794379036837	1.3302764938147518	0.877
1236	7317.0	DE LOS RIOS	332	0.8649202547441315	0.7223941001888659	11.749638124738288	8.487869260665109	0.006501762237921316	10.444820964731077	0.877
967	34136.44	DE LOS RIOS	332	0.8649202547441315	0.7223941001888659	54.816293134732966	39.59896675475453	0.030333062256261683	48.72885119219414	0.877
2998	2313.45	DE LOS RIOS	332	0.8649202547441315	0.7223941001888659	3.714937859734289	2.6836491924403028	0.0020556924763317024	3.3023877355278266	0.877
1000	820.0	DE LOS RIOS	332	0.8649202547441315	0.7223941001888659	1.3167559467384715	0.9512167273124763	0.0007286381078441272	1.1705279747272765	0.877
2748	13681.419999999998	CAUCETE CENTRO	335	0.7767774573976227	0.6170973403218086	24.46256909396297	15.095786325323024	0.007627735602332795	15.931593688456367	0.889
604	26422.61	CAUCETE CENTRO	335	0.7767774573976227	0.6170973403218086	47.24399388132497	29.15414297034544	0.014731269342184845	30.768318398860952	0.889
835	29730.37	CAUCETE CENTRO	335	0.7767774573976227	0.6170973403218086	53.158314730056084	32.80385463590723	0.016575428699617936	34.620103399170006	0.889
659	3894.0	CAUCETE CENTRO	335	0.7767774573976227	0.6170973403218086	6.962526115848488	4.296556348011235	0.0021710028955681435	4.534443487799447	0.889
47	27625.0	URBANO	334	0.7253248844625255	0.5336949514260944	52.89775158339803	28.23126296185122	0	28.23126296185122	0.871
39	5868.0	CAUCETE CENTRO	335	0.7767774573976227	0.6170973403218086	10.492065548998184	6.474625744768856	0.003271557522135045	6.8331059030321395	0.889
2955	39826.0	SANTA ROSA	333	0.7273166225796748	0.5819915087944628	76.05200702370784	44.261622314574815	0.025512844791033468	52.022731556500524	0.930
609	6450.6	SANTA ROSA	333	0.7273166225796748	0.5819915087944628	12.318110694198007	7.169035828413506	0.004132304439538002	8.426099336573149	0.930
2928	32169.0	SANTA ROSA	333	0.7273166225796748	0.5819915087944628	61.430146485854905	35.75182363876756	0.020607711145552036	42.020771642672244	0.930
2298	340.0	SANTA ROSA	333	0.7273166225796748	0.5819915087944628	0.6492663684040744	0.37786751335698876	0.00021780663960607085	0.44412516268794694	0.930
1289	25511.289999999997	SANTA ROSA	333	0.7273166225796748	0.5819915087944628	48.71653709295052	28.352610925967685	0.01634273043210576	33.324134769498215	0.930
2923	8819.0	DE LOS RIOS	332	0.8649202547441315	0.7223941001888659	14.161549627178758	10.230219900205768	0.007836413991557755	12.588885620877871	0.877
2958	4596.0	DE LOS RIOS	332	0.8649202547441315	0.7223941001888659	7.380256501475628	5.331453754546514	0.004083927736160498	6.560666551032394	0.877
2981	382.0	SANTA ROSA	333	0.7273166225796748	0.5819915087944628	0.7294698609716365	0.4245452650069697	0.00024471216567505604	0.49898768278469324	0.930
67	4144.34	SANTA ROSA	333	0.7273166225796748	0.5819915087944628	7.914060533034534	4.605916030311479	0.0026548963787794816	5.413546108041666	0.930
5	10665.64	SANTA ROSA	333	0.7273166225796748	0.5819915087944628	20.367180439721267	11.85352607400245	0.006832491787200274	13.931997353444334	0.930
2991	605.0	SANTA ROSA	333	0.7273166225796748	0.5819915087944628	1.1553122143660735	0.6723818987675829	0.0003875676969460966	0.7902815394888466	0.930
2933	75651.0	CAUCETE CENTRO	335	0.7767774573976227	0.6170973403218086	135.26503934002412	83.4716960152537	0.04217733437406924	88.09326766705597	0.889
66	72808.0	CAUCETE CENTRO	335	0.7767774573976227	0.6170973403218086	130.18171583017377	80.33479059732973	0.040592290400751255	84.78268142262509	0.889
45	6825.0	CAUCETE CENTRO	335	0.7767774573976227	0.6170973403218086	12.203194848655862	7.530559084534328	0.003805109081215351	7.94750303138963	0.889
43	6971.0	CAUCETE CENTRO	335	0.7767774573976227	0.6170973403218086	12.46424487765275	7.691652363119239	0.003886507751670654	8.117515550449394	0.889
3005	205.0	DE LOS RIOS	332	0.8649202547441315	0.7223941001888659	0.3291889866846179	0.23780418182811908	0.0001821595269610318	0.29263199368181914	0.877
278	9590.1	DE LOS RIOS	332	0.8649202547441315	0.7223941001888659	15.399781957093435	11.124711629999243	0.008521600387848736	13.68961015906348	0.877
3003	3359.8199999999997	CAUCETE CENTRO	335	0.7767774573976227	0.6170973403218086	6.0074048522213825	3.707153556542143	0.0018731841162269538	3.9124072725162646	0.889
20	24510.5	CAUCETE CENTRO	335	0.7767774573976227	0.6170973403218086	43.82511462827539	27.04436167640713	0.013665219946539029	28.541724989139276	0.889
2953	324.0	CAUCETE CENTRO	335	0.7767774573976227	0.6170973403218086	0.5793165027054211	0.35749467302404725	0.00018063814539395954	0.37728805599563964	0.889
25	2954.0	CAUCETE CENTRO	335	0.7767774573976227	0.6170973403218086	5.281793052443871	3.2593804447933197	0.0016469292638696187	3.4398423376886402	0.889
72	51035.0	URBANO	334	0.7253248844625255	0.5336949514260944	97.72440731434276	52.15502281477202	0	52.15502281477202	0.871
71	80800.0	URBANO	334	0.7253248844625255	0.5336949514260944	154.71993947288908	82.5732505816318	0	82.5732505816318	0.871
2897	251.0	SANTA ROSA	333	0.7273166225796748	0.5819915087944628	0.4793113484394784	0.27895513486060053	0.00016079254865036406	0.32786887010198434	0.930
3004	9117.0	SANTA ROSA	333	0.7273166225796748	0.5819915087944628	17.409886708058664	10.132406233163726	0.005840420980260435	11.909085612429447	0.930
645	40740.4	SANTA ROSA	333	0.7273166225796748	0.5819915087944628	77.79815163332162	45.27786365049725	0.026098616530021084	53.21716699403539	0.930
3021	30641.0	CAUCETE CENTRO	335	0.7767774573976227	0.6170973403218086	54.7865338252988	33.80862430904269	0.01708312781795159	35.6805040856864	0.889
207	64387.0	CAUCETE CENTRO	335	0.7767774573976227	0.6170973403218086	115.12485080152454	71.04323923456583	0.03589737119592862	74.97668537466434	0.889
209	71397.0	CAUCETE CENTRO	335	0.7767774573976227	0.6170973403218086	127.65882822116961	78.77792336388241	0.03980562242806336	83.13961522815025	0.889
236	44444.49	DE LOS RIOS	332	0.8649202547441315	0.7223941001888659	71.36895915519332	51.5565150303318	0.03949262085085028	63.44331569205694	0.877
2666	46701.0	DE LOS RIOS	332	0.8649202547441315	0.7223941001888659	74.99246276662605	54.174112661243846	0.04149771740783973	66.66442310699821	0.877
439	4906.0	DE LOS RIOS	332	0.8649202547441315	0.7223941001888659	7.878054481340173	5.691060078286596	0.004359388484247912	7.003183224404901	0.877
2931	10565.0	DE LOS RIOS	332	0.8649202547441315	0.7223941001888659	16.965276313770673	12.255615517141845	0.009387880011430736	15.081253723163021	0.877
1592	595.0	SANTA ROSA	333	0.7273166225796748	0.5819915087944628	1.1362161447071302	0.6612681483747304	0.000381161619310624	0.7772190347039071	0.930
2478	25494.0	SANTA ROSA	333	0.7273166225796748	0.5819915087944628	48.68351998851021	28.333395251538448	0.01633165432387403	33.301549698725054	0.930
37	2508.5	CAUCETE CENTRO	335	0.7767774573976227	0.6170973403218086	4.485232861223917	2.7678252693852547	0.0013985518139529244	2.921071260694636	0.889
36	8425.8	CAUCETE CENTRO	335	0.7767774573976227	0.6170973403218086	15.06544749535598	9.296847580142028	0.004697595325495137	9.811585500642162	0.889
2941	2014.0	CAUCETE CENTRO	335	0.7767774573976227	0.6170973403218086	3.601059989039254	2.222204541575405	0.0011228556321710942	2.345241187577834	0.889
35	7185.040000000001	CAUCETE CENTRO	335	0.7767774573976227	0.6170973403218086	12.846951372217777	7.9278195230392	0.0040058404326586885	8.366758561268243	0.889
34	29042.79	CAUCETE CENTRO	335	0.7767774573976227	0.6170973403218086	51.92891213459253	32.04519356406195	0.016192085563784674	33.81943759194322	0.889
3035	9766.2	SANTA ROSA	333	0.7273166225796748	0.5819915087944628	18.64960355031727	10.853910908667718	0.006256303540355322	12.75710342306773	0.930
33	8006.0	CAUCETE CENTRO	335	0.7767774573976227	0.6170973403218086	14.314839261295068	8.83364923527939	0.004463546271679136	9.32274128487991	0.889
2935	330.0	CAUCETE CENTRO	335	0.7767774573976227	0.6170973403218086	0.5900445860888549	0.3641149447467148	0.0001839832962345884	0.3842748718474107	0.889
49	81506.0	COOPERATIVA	334	0.7253248844625255	0.5336949514260944	156.07182409254082	83.29474457805051	0.04615837121443775	83.10999370644375	0.871
48	58111.0	CAUCETE CENTRO	335	0.7767774573976227	0.6170973403218086	103.90327558245286	64.11843501265558	0.03239834341663081	67.66847599371177	0.889
98	27486.22	CAUCETE CENTRO	335	0.7767774573976227	0.6170973403218086	49.14574334256729	30.32770750483651	0.015324258656451725	32.00685960021133	0.889
38	9191.0	CAUCETE CENTRO	335	0.7767774573976227	0.6170973403218086	16.43363572952323	10.14115290050623	0.0051242135627033395	10.702637415604702	0.889
24	40124.44	CAUCETE CENTRO	335	0.7767774573976227	0.6170973403218086	71.74305633893059	44.272449253311734	0.022370384032627175	46.72367890590642	0.889
3000	6316.0	CAUCETE CENTRO	335	0.7767774573976227	0.6170973403218086	11.293095774961236	6.968939366728033	0.0035213287849020013	7.354788153297715	0.889
23	38681.2	CAUCETE CENTRO	335	0.7767774573976227	0.6170973403218086	69.16252316187943	42.68000909314129	0.021565741449422308	45.04307022092141	0.889
3018	1922.0	CAUCETE CENTRO	335	0.7767774573976227	0.6170973403218086	3.43656271049327	2.1206937084945023	0.0010715633192814513	2.2381100111840104	0.889
22	8367.0	CAUCETE CENTRO	335	0.7767774573976227	0.6170973403218086	14.96031227819833	9.231968917259888	0.004664812847256974	9.743114705294804	0.889
3015	3630.0	CAUCETE CENTRO	335	0.7767774573976227	0.6170973403218086	6.490490446977404	4.005264392213863	0.0020238162585804725	4.227023590321518	0.889
237	24550.0	CAUCETE CENTRO	335	0.7767774573976227	0.6170973403218086	43.89574117721633	27.087945131914694	0.01368724218957317	28.587721526830105	0.889
3024	4001.4300000000003	DE LOS RIOS	332	0.8649202547441315	0.7223941001888659	6.425496034094784	4.641740425817027	0.003555602907159422	5.7119338462353255	0.877
637	4683.0	DE LOS RIOS	332	0.8649202547441315	0.7223941001888659	7.51996109582471	5.432375529273569	0.004161234462236644	6.684856714204678	0.877
781	6044.0	DE LOS RIOS	332	0.8649202547441315	0.7223941001888659	9.705454807423564	7.011163292532448	0.005370596004646225	8.627647657623974	0.877
3023	106.0	DE LOS RIOS	332	0.8649202547441315	0.7223941001888659	0.17021479311497315	0.12296216231112499	9.418980418472863e-05	0.15131215283059915	0.877
2939	316.0	DE LOS RIOS	332	0.8649202547441315	0.7223941001888659	0.5074327794748257	0.3665664461350519	0.00028079224643749295	0.45108151221197496	0.877
19	937.88	CAUCETE CENTRO	335	0.7767774573976227	0.6170973403218086	1.6769424739424703	1.0348367405425722	0.0005228916784015023	1.0921324751765138	0.889
2428	1406.0	CAUCETE CENTRO	335	0.7767774573976227	0.6170973403218086	2.51394753951797	1.5513503403450941	0.0007838803469873677	1.6372438479316955	0.889
238	4923.03	CAUCETE CENTRO	335	0.7767774573976227	0.6170973403218086	8.802446056524289	5.431966049807332	0.0027447129904901997	5.732717340457451	0.889
202	194264.19999999998	CAUCETE CENTRO	335	0.7767774573976227	0.6170973403218086	347.3470893360076	214.34696499777198	0.10830717532234949	226.214698665272	0.889
239	767.0	CAUCETE CENTRO	335	0.7767774573976227	0.6170973403218086	1.371406659182278	0.8462914018810008	0.0004276217824603919	0.8931479597180728	0.889
3019	8506.0	CAUCETE CENTRO	335	0.7767774573976227	0.6170973403218086	15.208846209914544	9.385338545501684	0.004742308841731542	9.904975939194166	0.889
3011	1742.0	DE LOS RIOS	332	0.8649202547441315	0.7223941001888659	2.7973034868517286	2.0207555353394313	0.0015479116876395969	2.486658209725507	0.877
1569	5110.0	DE LOS RIOS	332	0.8649202547441315	0.7223941001888659	8.205637668089743	5.9277042397155535	0.004540659428150597	7.294387744946809	0.877
551	3059.0	DE LOS RIOS	332	0.8649202547441315	0.7223941001888659	4.912142001308518	3.5485024010352015	0.002718175575481933	4.366640334988706	0.877
2985	1651.0	DE LOS RIOS	332	0.8649202547441315	0.7223941001888659	2.6511756927624592	1.9151936790157298	0.0014670506293300658	2.3567581539935776	0.877
433	4316.0	DE LOS RIOS	332	0.8649202547441315	0.7223941001888659	6.930632519662492	5.006648042781278	0.0038351244798234796	6.160974071857227	0.877
2299	14980.09	DE LOS RIOS	332	0.8649202547441315	0.7223941001888659	24.055027548996964	17.377209981276042	0.01331105418650577	21.38367610845406	0.877
2109	3847.0	DE LOS RIOS	332	0.8649202547441315	0.7223941001888659	6.177512350125488	4.462598475574508	0.003418379025458972	5.491489169238821	0.877
1032	68818.56	DE LOS RIOS	332	0.8649202547441315	0.7223941001888659	110.50883917802233	79.83093344092353	0.06115100651580188	98.2366459273751	0.877
2171	9217.0	DE LOS RIOS	332	0.8649202547441315	0.7223941001888659	14.800658001327431	10.691908019072066	0.00819007004877966	13.157019930562573	0.877
2995	2051.0	DE LOS RIOS	332	0.8649202547441315	0.7223941001888659	3.293495666781226	2.3792018386803524	0.0018224838526686646	2.927747409958103	0.877
2974	1065.0	SANTA ROSA	333	0.7273166225796748	0.5819915087944628	2.033731418677468	1.183614416838803	0.0006822472681778395	1.391156759596069	0.930
2064	7877.33	SANTA ROSA	333	0.7273166225796748	0.5819915087944628	15.042604240648432	8.754667938212965	0.0050462787540237935	10.289766081754836	0.930
1984	1621.0	SANTA ROSA	333	0.7273166225796748	0.5819915087944628	3.0954728917147194	1.8015389386814085	0.0010384251847101202	2.1174320256387116	0.930
1649	437.0	SANTA ROSA	333	0.7273166225796748	0.5819915087944628	0.834498244095825	0.4856708921676591	0.00027994559267015577	0.5708314591018612	0.930
1678	237.0	SANTA ROSA	333	0.7273166225796748	0.5819915087944628	0.4525768509169577	0.2633958843106069	0.00015182403996070234	0.3095813634030689	0.930
531	844.0	SANTA ROSA	333	0.7273166225796748	0.5819915087944628	1.6117082792148199	0.9380005331567604	0.0005406729524338935	1.1024754038489035	0.930
3006	41668.0	CAUCETE CENTRO	335	0.7767774573976227	0.6170973403218086	74.50296307015275	45.97558035668519	0.023230957537887367	48.521107151933066	0.889
3026	8789.69	CAUCETE CENTRO	335	0.7767774573976227	0.6170973403218086	15.716087872422264	9.698356026335611	0.004900473148727877	10.235324237358993	0.889
6005	45363.2	COOPERATIVA	334	0.7253248844625255	0.5336949514260944	86.86375690961091	46.35874852456286	0.025690028035663413	46.2559230793334	0.871
2996	31146.0	SANTA ROSA	333	0.7273166225796748	0.5819915087944628	59.476618559745	34.61488697357874	0.019952369403443183	40.68447740317292	0.930
7	97453.0	URBANO	334	0.7253248844625255	0.5336949514260944	186.60794878033985	99.59172016004658	0	99.59172016004658	0.871
6	90646.0	URBANO	334	0.7253248844625255	0.5336949514260944	173.57355982004339	92.63533257701233	0	92.63533257701233	0.871
94	32141.0	SANTA ROSA	333	0.7273166225796748	0.5819915087944628	61.37667749080987	35.72070513766758	0.020589774128172717	41.98419662927442	0.930
2954	56535.0	SANTA ROSA	333	0.7273166225796748	0.5819915087944628	107.95962981683631	62.83158784599224	0.03621675991214475	73.84887080165612	0.930
2798	60410.0	SANTA ROSA	333	0.7273166225796748	0.5819915087944628	115.35935680967685	67.13816612322262	0.03869911499589041	78.91059140582021	0.930
15	71718.0	URBANO	334	0.7253248844625255	0.5336949514260944	137.32926508807748	73.29193546056274	0	73.29193546056274	0.871
76	78155.0	URBANO	334	0.7253248844625255	0.5336949514260944	149.65515927603525	79.87020296048804	0	79.87020296048804	0.871
8	42274.0	URBANO	334	0.7253248844625255	0.5336949514260944	80.94840001580339	43.20175241445424	0	43.20175241445424	0.871
14	160882.0	URBANO	334	0.7253248844625255	0.5336949514260944	308.06501611729385	164.4127438127981	0	164.4127438127981	0.871
2932	24959.0	CAUCETE CENTRO	335	0.7767774573976227	0.6170973403218086	44.62703886118706	27.539226987676532	0.013915269971876039	29.063989474059166	0.889
505	25658.0	CAUCETE CENTRO	335	0.7767774573976227	0.6170973403218086	45.876860575357085	28.310488643367297	0.0143049800448093	29.877953520790495	0.889
5020	558.0	SANTA ROSA	333	0.7273166225796748	0.5819915087944628	1.0655606869690397	0.6201472719211757	0.0003574591320593751	0.7288877669996306	0.930
5021	306.0	SANTA ROSA	333	0.7273166225796748	0.5819915087944628	0.5843397315636669	0.3400807620212899	0.00019602597564546376	0.3997126464191522	0.930
5022	469.0	SANTA ROSA	333	0.7273166225796748	0.5819915087944628	0.8956056670044438	0.5212348934247875	0.0003004450411036683	0.6126314744136679	0.930
5010	1421.0	SANTA ROSA	333	0.7273166225796748	0.5819915087944628	2.713551498535852	1.5792639308243561	0.0009103036320006668	1.8561819299399196	0.930
5014	4247.0	SANTA ROSA	333	0.7273166225796748	0.5819915087944628	8.110100784153246	4.720009791844504	0.0027206611717852437	5.547645782163855	0.930
5012	224.0	SANTA ROSA	333	0.7273166225796748	0.5819915087944628	0.42775196036033136	0.2489480087998985	0.00014349613903458786	0.2926001071826474	0.930
5028	165.0	SANTA ROSA	333	0.7273166225796748	0.5819915087944628	0.3150851493725655	0.18337688148206807	0.00010570028098529908	0.21553132895150365	0.930
5025	1253.0	SANTA ROSA	333	0.7273166225796748	0.5819915087944628	2.3927375282656036	1.3925529242244323	0.0008026815277247259	1.636731849552934	0.930
5018	0	SANTA ROSA	333	0.7273166225796748	0.5819915087944628	0.0	0.0	0.0	0.0	0.930
5016	318.0	SANTA ROSA	333	0.7273166225796748	0.5819915087944628	0.607255015154399	0.35341726249271305	0.000203713268808031	0.4153876521610798	0.930
5027	2031.0	SANTA ROSA	333	0.7273166225796748	0.5819915087944628	3.878411747731397	2.2572027047883654	0.0013010743677644998	2.652994721821236	0.930
5013	1172.0	SANTA ROSA	333	0.7273166225796748	0.5819915087944628	2.238059364028162	1.302531546042326	0.0007507922988773971	1.5309255607949228	0.930
5015	2596.0	SANTA ROSA	333	0.7273166225796748	0.5819915087944628	4.957339683461697	2.885129601984538	0.0016630177541687057	3.3910262421703243	0.930
5017	657.0	SANTA ROSA	333	0.7273166225796748	0.5819915087944628	1.254611776592579	0.7301734008104166	0.00042087930065055456	0.8582065643705328	0.930
5019	1303.0	SANTA ROSA	333	0.7273166225796748	0.5819915087944628	2.4882178765603205	1.4481216761886953	0.0008347119159020892	1.702044373477632	0.930
5001	332.0	SANTA ROSA	333	0.7273166225796748	0.5819915087944628	0.6339895126769197	0.36897651304270673	0.00021268177749769274	0.4336751588599953	0.930
5002	1675.0	SANTA ROSA	333	0.7273166225796748	0.5819915087944628	3.1985916678730133	1.8615531908028122	0.0010730180039416725	2.1879695514773854	0.930
5005	17425.0	SANTA ROSA	333	0.7273166225796748	0.5819915087944628	33.27490138070881	19.365710059545677	0.011162590279811133	22.761414587757283	0.930
5004	16495.0	SANTA ROSA	333	0.7273166225796748	0.5819915087944628	31.498966902427078	18.332131273010383	0.010566825059712173	21.546601642757896	0.930
5003	8178.03	SANTA ROSA	333	0.7273166225796748	0.5819915087944628	15.616823055292858	9.088858412526044	0.005238909508522458	10.682555600637972	0.930
111	1104.0	SANTA ROSA	333	0.7273166225796748	0.5819915087944628	2.1082060903473474	1.2269580433709284	0.0007072309709561831	1.4421005282573338	0.930
2797	37678.7	SANTA ROSA	333	0.7273166225796748	0.5819915087944628	71.95150798584292	41.87516669271756	0.024137267740368413	49.21781990403042	0.930
2976	1779.0	SANTA ROSA	333	0.7273166225796748	0.5819915087944628	3.3971907923260245	1.9771361948884796	0.0011396412113505883	2.3238196012407575	0.930
2796	360.0	SANTA ROSA	333	0.7273166225796748	0.5819915087944628	0.687458507721961	0.400095014142694	0.00023061879487701618	0.47025017225782617	0.930
1962	23745.0	SANTA ROSA	333	0.7273166225796748	0.5819915087944628	45.34361740516102	26.389600307828527	0.01521123134542986	31.01691761183912	0.930
2929	31627.0	SANTA ROSA	333	0.7273166225796748	0.5819915087944628	60.39513951034018	35.149458367474956	0.02026050173770942	41.31278388332853	0.930
2979	36493.98	SANTA ROSA	333	0.7273166225796748	0.5819915087944628	69.6891584212086	40.55849845617554	0.023378326910738705	47.67027883714908	0.930
3	118474.0	URBANO	334	0.7253248844625255	0.5336949514260944	226.86002610285968	121.07405061148819	0	121.07405061148819	0.871
2999	1900.0	SANTA ROSA	333	0.7273166225796748	0.5819915087944628	3.628253235199239	2.1116125746419963	0.0012171547507398078	2.481875909138527	0.930
53	62527.0	COOPERATIVA	334	0.7253248844625255	0.5336949514260944	119.72987197303634	63.89922820690212	0.035410208781257196	63.757497319004834	0.871
378	56845.0	COOPERATIVA	334	0.7253248844625255	0.5336949514260944	108.84969009079678	58.092530065753216	0.032192385979985694	57.96367865240344	0.871
78	96267.56	COOPERATIVA	334	0.7253248844625255	0.5336949514260944	184.33800812379602	98.3802642916123	0.05451811854818245	98.16205317074443	0.871
54	89612.0	COOPERATIVA	334	0.7253248844625255	0.5336949514260944	171.59360415896705	91.57864023664838	0.0507489505222707	91.37551537336928	0.871
85	72500.0	CAUCETE CENTRO	335	0.7767774573976227	0.6170973403218086	129.63100754982418	79.9949499822328	0.04042057265759897	84.42402487556751	0.889
46	22007.0	CAUCETE CENTRO	335	0.7767774573976227	0.6170973403218086	39.34882183653767	24.2820533001241	0.01226945575828663	25.626476074987785	0.889
13	60349.67	URBANO	334	0.7253248844625255	0.5336949514260944	115.56061001991127	61.67411415134637	0	61.67411415134637	0.871
12	106519.0	URBANO	334	0.7253248844625255	0.5336949514260944	203.96798555337466	108.8566841423866	0	108.8566841423866	0.871
74	44254.0	URBANO	334	0.7253248844625255	0.5336949514260944	84.73980447318358	45.22520583217244	0	45.22520583217244	0.871
69	93829.0	URBANO	334	0.7253248844625255	0.5336949514260944	179.66852971289245	95.88818723791992	0	95.88818723791992	0.871
79	46022.0	URBANO	334	0.7253248844625255	0.5336949514260944	88.12526057452106	47.032006661730925	0	47.032006661730925	0.871
75	36294.0	URBANO	334	0.7253248844625255	0.5336949514260944	69.49759261422075	37.09051431447703	0	37.09051431447703	0.871
9	82560.0	URBANO	334	0.7253248844625255	0.5336949514260944	158.09007676833815	84.37187584182576	0	84.37187584182576	0.871
57	119509.66	URBANO	334	0.7253248844625255	0.5336949514260944	228.84316041615787	122.13243938249529	0	122.13243938249529	0.871
17	109737.0	COOPERATIVA	334	0.7253248844625255	0.5336949514260944	210.12997522198552	112.14530691926397	0.062146114175137476	111.89656441690202	0.871
840	22406.510000000002	URBANO	334	0.7253248844625255	0.5336949514260944	42.905122165825304	22.89824709022078	0	22.89824709022078	0.871
41	37297.58	CAUCETE CENTRO	335	0.7767774573976227	0.6170973403218086	66.68859137338168	41.15335236632175	0.02079433851507049	43.431887196116826	0.889
40	48827.7	CAUCETE CENTRO	335	0.7767774573976227	0.6170973403218086	87.30460617021448	53.87544026548232	0.027222670283495794	56.85835806092065	0.889
18	59844.0	COOPERATIVA	334	0.7253248844625255	0.5336949514260944	114.59232744821256	61.1573466312769	0.0338907757337719	61.02169733968566	0.871
80	63656.0	URBANO	334	0.7253248844625255	0.5336949514260944	121.89173845403748	65.05300543346974	0	65.05300543346974	0.871
51	93579.4	COOPERATIVA	334	0.7253248844625255	0.5336949514260944	179.19058296917422	95.63310947374697	0.052995763296252496	95.42099164543447	0.871
50	81477.0	COOPERATIVA	334	0.7253248844625255	0.5336949514260944	156.01629342119534	83.26510813910413	0.0461419479724038	83.08042300223194	0.871
52	59973.0	COOPERATIVA	334	0.7253248844625255	0.5336949514260944	114.83934319316309	61.289177687279754	0.03396383084488842	61.15323598945539	0.871
200	23722.0	COOPERATIVA	334	0.7253248844625255	0.5336949514260944	45.424089160592516	24.242607058137	0.013434211983766745	24.188836045251374	0.871
63	42089.0	COOPERATIVA	334	0.7253248844625255	0.5336949514260944	80.59415262963402	43.012692372899764	0.02383578737816198	42.917288605875775	0.871
55	22921.0	COOPERATIVA	334	0.7253248844625255	0.5336949514260944	43.89029372101598	23.424028175514636	0.012980590712415377	23.372072801332383	0.871
58	75060.0	COOPERATIVA	334	0.7253248844625255	0.5336949514260944	143.7286962479586	76.70727956259013	0.04250788093337542	76.53713993577978	0.871
68	36234.0	COOPERATIVA	334	0.7253248844625255	0.5336949514260944	69.38270157005772	37.029197544243154	0.020519991443377635	36.94706539345916	0.871
61	101697.0	COOPERATIVA	334	0.7253248844625255	0.5336949514260944	194.73457530413864	103.9288597079234	0.05759291190089903	103.69834159404475	0.871
73	60349.0	COOPERATIVA	334	0.7253248844625255	0.5336949514260944	115.55932706991811	61.6734294474121	0.034176766672638866	61.53663546475318	0.871
83	71717.0	COOPERATIVA	334	0.7253248844625255	0.5336949514260944	137.32735023734142	73.29091351439217	0.04061467754994518	73.12835151577829	0.871
60	79491.0	URBANO	334	0.7253248844625255	0.5336949514260944	152.21339985939886	81.23552304436255	0	81.23552304436255	0.871
62	58906.82	COOPERATIVA	334	0.7253248844625255	0.5336949514260944	112.79776763540065	60.199599119147024	0.03336003318310389	60.06607414750588	0.871
77	60146.59	COOPERATIVA	334	0.7253248844625255	0.5336949514260944	115.1717421324341	61.46657732302808	0.034062138106428844	61.33024214614939	0.871
82	17002.0	URBANO	334	0.7253248844625255	0.5336949514260944	32.55629221433243	17.37512879194188	0	17.37512879194188	0.871
56	99821.63999999998	COOPERATIVA	334	0.7253248844625255	0.5336949514260944	191.14354082777874	102.01234273749306	0.05653086048087217	101.78607553022958	0.871
65	46012.0	COOPERATIVA	334	0.7253248844625255	0.5336949514260944	88.10611206716055	47.02178720002528	0.02605745560227112	46.91749111011324	0.871
241	1082.0	CAUCETE CENTRO	335	0.7767774573976227	0.6170973403218086	1.9346310368125486	1.1938556673210468	0.0006032422015934081	1.2599557919360558	0.889
70	53385.03	URBANO	334	0.7253248844625255	0.5336949514260944	102.22436398958376	54.556626973984294	0	54.556626973984294	0.871
59	103997.93	URBANO	334	0.7253248844625255	0.5336949514260944	199.14051280823955	106.28028631016093	0	106.28028631016093	0.871
3009	34534.5	URBANO	334	0.7253248844625255	0.5336949514260944	66.12841274413971	35.29240002736836	0	35.29240002736836	0.871
81	79631.88	URBANO	334	0.7253248844625255	0.5336949514260944	152.48316403109368	81.37949482087171	0	81.37949482087171	0.871
3028	49451.0	CAUCETE CENTRO	335	0.7767774573976227	0.6170973403218086	88.41907523236353	54.56317615960543	0.027570175703323124	57.584171780988804	0.889
2645	2021.0	SANTA ROSA	333	0.7273166225796748	0.5819915087944628	3.859315678072454	2.2460889543955127	0.001294668290129027	2.6399322170362964	0.930
2646	580.0	SANTA ROSA	333	0.7273166225796748	0.5819915087944628	1.107572040218715	0.6445975227854515	0.000371552502857415	0.7576252775264977	0.930
2794	19783.11	SANTA ROSA	333	0.7273166225796748	0.5819915087944628	37.77796466305391	21.986454653434645	0.012673213853109579	25.841696903598677	0.930
2795	2058.0	SANTA ROSA	333	0.7273166225796748	0.5819915087944628	3.9299711358105442	2.2872098308490676	0.001318370777380276	2.688263484740573	0.930
2924	472.0	SANTA ROSA	333	0.7273166225796748	0.5819915087944628	0.9013344879021268	0.5245690185426433	0.00030236686439431013	0.6165502258491499	0.930
2479	2723.0	DE LOS RIOS	332	0.8649202547441315	0.7223941001888659	4.372593223132754	3.1587355469169185	0.00241961166787751	3.887009359978505	0.877
2300	521.0	DE LOS RIOS	332	0.8649202547441315	0.7223941001888659	0.8366217661594435	0.604370627963171	0.00046295177339852477	0.7437135058937941	0.877
2972	2852.0	SANTA ROSA	333	0.7273166225796748	0.5819915087944628	5.446199066730648	3.169641612041565	0.0018270133416368062	3.725426364664779	0.930
5029	4116.0	SANTA ROSA	333	0.7273166225796748	0.5819915087944628	7.8599422716210885	4.574419661698135	0.002636741554760552	5.376526969481146	0.930
87	37531.0	COOPERATIVA	334	0.7253248844625255	0.5336949514260944	71.86626297471535	38.35466172746563	0.02125450678537854	38.26958964734548	0.871
86	61694.0	COOPERATIVA	334	0.7253248844625255	0.5336949514260944	118.13480130990618	63.04794704682168	0.03493846531179941	62.90810433250731	0.871
3017	4536.0	CAUCETE CENTRO	335	0.7767774573976227	0.6170973403218086	8.110431037875896	5.004925422336662	0.0025289340355154335	5.282032783938955	0.889
3027	48630.3	DE LOS RIOS	332	0.8649202547441315	0.7223941001888659	78.09053258131208	56.412140017346246	0.04321206070230764	69.41844703582913	0.877
84	27711.0	URBANO	334	0.7253248844625255	0.5336949514260944	53.06242874669839	28.31915033251979	0	28.31915033251979	0.871
88	11121.0	COOPERATIVA	334	0.7253248844625255	0.5336949514260944	21.29505503561881	11.365063362850586	0.006298030160672371	11.33985522549703	0.871
3029	8115.0	SANTA ROSA	333	0.7273166225796748	0.5819915087944628	15.49646052823254	9.018808443799895	0.0051985320011860734	10.600222632978499	0.930
10	78451.0	URBANO	334	0.7253248844625255	0.5336949514260944	150.22195509390622	80.17269902697521	0	80.17269902697521	0.871
2302	0	SANTA ROSA	333	0.7273166225796748	0.5819915087944628	0.0	0.0	0.0	0.0	0.930
137	8530.029999999999	DE LOS RIOS	332	0.8649202547441315	0.7223941001888659	13.697521619948247	9.89500880546005	0.007579640145187364	12.176388707637694	0.877
95	45541.0	SANTA ROSA	333	0.7273166225796748	0.5819915087944628	86.96541083379397	50.61313066409007	0.029173918159706092	59.4879530410935	0.930
91	30396.0	URBANO	334	0.7253248844625255	0.5336949514260944	58.20380297299427	31.063075800486143	0	31.063075800486143	0.871
3031	1141.0	DE LOS RIOS	332	0.8649202547441315	0.7223941001888659	1.8322177258885317	1.3235832754433359	0.0010138732695733526	1.628746852638808	0.877
2969	6622.0	SANTA ROSA	333	0.7273166225796748	0.5819915087944628	12.645417328152295	7.359525510146999	0.004242104610210003	8.649990668587012	0.930
2987	1081.0	SANTA ROSA	333	0.7273166225796748	0.5819915087944628	2.0642851301317777	1.2013964174673673	0.0006924969923945959	1.4120567672519726	0.930
1	10436.0	SANTA ROSA	333	0.7273166225796748	0.5819915087944628	19.928658296073294	11.598309909980985	0.006685382620379281	13.632029993562984	0.930
2965	1767.0	SANTA ROSA	333	0.7273166225796748	0.5819915087944628	3.3742755087352925	1.9637996944170564	0.001131953918188021	2.3081445954988298	0.930
89	58288.0	URBANO	334	0.7253248844625255	0.5336949514260944	111.61281970291782	59.56719838987815	0	59.56719838987815	0.871
105	14008.630000000001	CAUCETE CENTRO	335	0.7767774573976227	0.6170973403218086	25.047625121278532	15.456822843718701	0.007810163403426492	16.312619690932706	0.889
102	30673.0	DE LOS RIOS	332	0.8649202547441315	0.7223941001888659	49.25470140769407	35.58130570348242	0.027255508148662087	43.7848836204997	0.877
90	42947.0	COOPERATIVA	334	0.7253248844625255	0.5336949514260944	82.23709456116545	43.889522187244324	0.024321688814890417	43.79217357876279	0.871
2801	10391.0	SANTA ROSA	333	0.7273166225796748	0.5819915087944628	19.842725982608048	11.548298033213147	0.006656555271019653	13.573248722030753	0.930
2803	2171.0	SANTA ROSA	333	0.7273166225796748	0.5819915087944628	4.145756722956604	2.412795210288302	0.0013907594546611172	2.835869788810391	0.930
97	40582.0	COOPERATIVA	334	0.7253248844625255	0.5336949514260944	77.70847257040576	41.47261949385869	0.022982345111087685	41.38063166631782	0.871
96	77459.0	URBANO	334	0.7253248844625255	0.5336949514260944	148.32242316374402	79.15892842577497	0	79.15892842577497	0.871
131	11087.876999999999	URBANO	334	0.7253248844625255	0.5336949514260944	21.2316294346886	11.331213439842967	0	11.331213439842967	0.871
132	21634.52	URBANO	334	0.7253248844625255	0.5336949514260944	41.42687654610159	22.109314866006496	0	22.109314866006496	0.871
130	16925.86	URBANO	334	0.7253248844625255	0.5336949514260944	32.41049547928954	17.29731781051508	0	17.29731781051508	0.871
128	18304.127	URBANO	334	0.7253248844625255	0.5336949514260944	35.0496710587138	18.705832493180846	0	18.705832493180846	0.871
129	18809.779999999995	URBANO	334	0.7253248844625255	0.5336949514260944	36.017921077949985	19.222582640165417	0	19.222582640165417	0.871
114	24930.0	COOPERATIVA	334	0.7253248844625255	0.5336949514260944	47.73722884974165	25.47711803217922	0.014118324962284165	25.42060882759113	0.871
113	11578.0	COOPERATIVA	334	0.7253248844625255	0.5336949514260944	22.170141821993933	11.832092762798675	0.006556837802379705	11.805848736696753	0.871
107	4835.0	SANTA ROSA	333	0.7273166225796748	0.5819915087944628	9.232949680099116	5.3734983149442375	0.003097338536751037	6.315721063518304	0.930
1963	8216.0	SANTA ROSA	333	0.7273166225796748	0.5819915087944628	15.689330831787867	9.131057322767704	0.0052632333853043466	10.732153931306387	0.930
101	3044.0	SANTA ROSA	333	0.7273166225796748	0.5819915087944628	5.81284360418236	3.383025619584335	0.0019500100322378815	3.976226456535619	0.930
116	0.0	URBANO	334	0.7253248844625255	0.5336949514260944	0.0	0.0	0	0.0	0.871
92	2703.0	URBANO	334	0.7253248844625255	0.5336949514260944	5.175841539544792	2.762320499036519	0	2.762320499036519	0.871
93	1633.0	URBANO	334	0.7253248844625255	0.5336949514260944	3.126951251970642	1.6688380965322367	0	1.6688380965322367	0.871
108	0	SANTA ROSA	333	0.7273166225796748	0.5819915087944628	0.0	0.0	0.0	0.0	0.930
124	551.0	SANTA ROSA	333	0.7273166225796748	0.5819915087944628	1.0521934382077793	0.6123676466461788	0.0003529748777145442	0.7197440136501728	0.930
125	0	SANTA ROSA	333	0.7273166225796748	0.5819915087944628	0.0	0.0	0.0	0.0	0.930
126	0	SANTA ROSA	333	0.7273166225796748	0.5819915087944628	0.0	0.0	0.0	0.0	0.930
127	0	SANTA ROSA	333	0.7273166225796748	0.5819915087944628	0.0	0.0	0.0	0.0	0.930
3032	566.0	CAUCETE CENTRO	335	0.7767774573976227	0.6170973403218086	1.012015865837248	0.6245122991716381	0.00031555922929932435	0.6590896286837408	0.889
5034	0	SANTA ROSA	333	0.7273166225796748	0.5819915087944628	0.0	0.0	0.0	0.0	0.930
106	813.0	DE LOS RIOS	332	0.8649202547441315	0.7223941001888659	1.305515347193143	0.9430965845183454	0.0007224180264357017	1.1605356627478973	0.877
5031	1172.0	SANTA ROSA	333	0.7273166225796748	0.5819915087944628	2.238059364028162	1.302531546042326	0.0007507922988773971	1.5309255607949228	0.930
5030	260.0	SANTA ROSA	333	0.7273166225796748	0.5819915087944628	0.49649781113252744	0.2889575102141679	0.00016655801852228947	0.33962512440843	0.930
120	267.0	SANTA ROSA	333	0.7273166225796748	0.5819915087944628	0.5098650598937878	0.29673713548916475	0.00017104227286712036	0.3487688777578878	0.930
2480	503.0	SANTA ROSA	333	0.7273166225796748	0.5819915087944628	0.9605323038448512	0.5590216447604863	0.0003222257050642754	0.6570439906824627	0.930
122	3134.0	CAUCETE CENTRO	335	0.7767774573976227	0.6170973403218086	5.603635553946883	3.457988596473346	0.0017472837890884852	3.6494468132417737	0.889
143	113.0	DE LOS RIOS	332	0.8649202547441315	0.7223941001888659	0.18145539266030158	0.1310823051052559	0.00010040988559315413	0.16130446480997837	0.877
2934	254.0	DE LOS RIOS	332	0.8649202547441315	0.7223941001888659	0.4078731835019168	0.2946451813870354	0.00022570009682001016	0.3625781775374735	0.877
140	547.0	DE LOS RIOS	332	0.8649202547441315	0.7223941001888659	0.8783725644706634	0.6345311583413714	0.00048605493291553365	0.7808278075314882	0.877
2800	2758.0	DE LOS RIOS	332	0.8649202547441315	0.7223941001888659	4.428796220859396	3.199336260887573	0.0024507120749196376	3.9369709198754013	0.877
134	653.0	DE LOS RIOS	332	0.8649202547441315	0.7223941001888659	1.0485873575856366	0.7574933206524964	0.0005802447371002623	0.9321399603620873	0.877
133	1399.0	DE LOS RIOS	332	0.8649202547441315	0.7223941001888659	2.2465141091306364	1.6228685384270176	0.0012431276986267488	1.997034922735927	0.877
146	0	CAUCETE CENTRO	335	0.7767774573976227	0.6170973403218086	0.0	0.0	0.0	0.0	0.889
99	5885.0	SANTA ROSA	333	0.7273166225796748	0.5819915087944628	11.23803699428817	6.540442106193762	0.0037699766884756675	7.6872840659369635	0.930
138	21673.14	DE LOS RIOS	332	0.8649202547441315	0.7223941001888659	34.802726804262726	25.141284513884294	0.019258385025171788	30.937825207537472	0.877
5032	2886.0	SANTA ROSA	333	0.7273166225796748	0.5819915087944628	5.511125703571055	3.2074283633772636	0.0018487940055974131	3.769838880933573	0.930
3036	146.0	CAUCETE CENTRO	335	0.7767774573976227	0.6170973403218086	0.26105002899688734	0.1610932785849102	8.139867045530276e-05	0.17001251905976356	0.889
3034	2022.0	CAUCETE CENTRO	335	0.7767774573976227	0.6170973403218086	3.6153641002171653	2.2310315705389616	0.0011273158332919327	2.354556942046862	0.889
154	463.0	SANTA ROSA	333	0.7273166225796748	0.5819915087944628	0.8841480252090778	0.514566643189076	0.0002966013945223848	0.6047939715427043	0.930
153	211.0	DE LOS RIOS	332	0.8649202547441315	0.7223941001888659	0.3388237862948994	0.24476430422308842	0.0001874910253111108	0.30119683252128704	0.877
242	7205.2	SANTA ROSA	333	0.7273166225796748	0.5819915087944628	13.759100110661873	8.007679433058163	0.004615707057910769	9.411795947644691	0.930
147	756.0	DE LOS RIOS	332	0.8649202547441315	0.7223941001888659	1.2139847508954689	0.8769754217661367	0.0006717687921099514	1.0791696937729525	0.877
144	829.0	CAUCETE CENTRO	335	0.7767774573976227	0.6170973403218086	1.482263520811093	0.9147008763485653	0.0004621883411468903	0.9653450568530408	0.889
135	7466.0	DE LOS RIOS	332	0.8649202547441315	0.7223941001888659	11.98890231506028	8.660712300140181	0.006634161113614943	10.657514462577863	0.877
136	0.0	DE LOS RIOS	332	0.8649202547441315	0.7223941001888659	0.0	0.0	0.0	0.0	0.877
2994	45224.0	SANTA ROSA	333	0.7273166225796748	0.5819915087944628	86.36006542560547	50.26082477663665	0.028970845498661614	59.073871639410925	0.930
1533	50077.0	CAUCETE CENTRO	335	0.7767774573976227	0.6170973403218086	89.5383719320351	55.25389117600375	0.02791918644102874	58.31312956819026	0.889
100	801.0	CAUCETE CENTRO	335	0.7767774573976227	0.6170973403218086	1.4321991316884024	0.8838062749761169	0.00044657763722395554	0.9327399162114425	0.889
103	496.0	SANTA ROSA	333	0.7273166225796748	0.5819915087944628	0.9471650550835908	0.5512420194854896	0.0003177414507194446	0.6479002373330051	0.930
110	3814.0	SANTA ROSA	333	0.7273166225796748	0.5819915087944628	7.283240967920999	4.238784399833985	0.002443278010169277	4.982039324975969	0.930
1244	7024.0	DE LOS RIOS	332	0.8649202547441315	0.7223941001888659	11.279138743769542	8.147983283710772	0.006241407401825791	10.026571334737062	0.877
117	428.0	SANTA ROSA	333	0.7273166225796748	0.5819915087944628	0.8173117814027759	0.4756685168140917	0.00027418012279823036	0.5590752047954155	0.930
121	914.0	CAUCETE CENTRO	335	0.7767774573976227	0.6170973403218086	1.6342447020764042	1.0084880590863556	0.0005095779780557995	1.0643249480864652	0.889
123	235.0	CAUCETE CENTRO	335	0.7767774573976227	0.6170973403218086	0.42018326585115423	0.2592939758044787	0.00013101840792463114	0.27365028752770154	0.889
2584	19545.0	DE LOS RIOS	332	0.8649202547441315	0.7223941001888659	31.385359730491984	22.67259870161262	0.017367355875382275	27.89996251956661	0.877
5033	1644.0	SANTA ROSA	333	0.7273166225796748	0.5819915087944628	3.139393851930289	1.8271005645849694	0.0010531591632717073	2.1474757866440726	0.930
2297	1433.0	DE LOS RIOS	332	0.8649202547441315	0.7223941001888659	2.3011113069222313	1.6623092319985104	0.0012733395226105296	2.0455690094929113	0.877
337	5042.0	SANTA ROSA	333	0.7273166225796748	0.5819915087944628	9.628238322039245	5.603552948076287	0.0032299443438053217	6.586114912566555	0.930
1212	3917.85	DE LOS RIOS	332	0.8649202547441315	0.7223941001888659	6.291283275523562	4.544785920855104	0.0034813351351428217	5.592625641201537	0.877
335	4554.0	CAUCETE CENTRO	335	0.7767774573976227	0.6170973403218086	8.142615288026198	5.024786237504665	0.0025389694880373205	5.302993231494269	0.889
6002	48192.0	SANTA ROSA	333	0.7273166225796748	0.5819915087944628	92.02777890037986	53.5593858932353	0.0308721693408699	62.95082305958099	0.930
6003	23576.0	CAUCETE CENTRO	335	0.7767774573976227	0.6170973403218086	42.15421564130558	26.01325435560166	0.01314421270311108	27.453528420225926	0.889
6013	52611.399999999994	CAUCETE CENTRO	335	0.7767774573976227	0.6170973403218086	94.0699143531975	58.05029395165851	0.029332178156110375	61.26436058397837	0.889
2927	14956.0	SANTA ROSA	333	0.7273166225796748	0.5819915087944628	28.560081781915695	16.621725087550367	0.009580929711612928	19.53628215635569	0.930
6006	83332.8	SANTA ROSA	333	0.7273166225796748	0.5819915087944628	159.13289536747956	92.61399387375081	0.05338363863813171	108.85350987424161	0.930
6007	83606.18	SANTA ROSA	333	0.7273166225796748	0.5819915087944628	159.65494371981572	92.9178215819906	0.05355876798853025	109.21061263005225	0.930
6008	41546.36	CAUCETE CENTRO	335	0.7767774573976227	0.6170973403218086	74.2854690596926	45.84136538129431	0.023163140179845016	48.37946110523149	0.889
208	6544.0	CAUCETE CENTRO	335	0.7767774573976227	0.6170973403218086	11.700762943531716	7.220509692189399	0.003648444516845899	7.620287155665018	0.889
6009	8114.0	CAUCETE CENTRO	335	0.7767774573976227	0.6170973403218086	14.507944762196875	8.952814126287405	0.0045237589868104555	9.448503970211789	0.889
6010	58257.0	CAUCETE CENTRO	335	0.7767774573976227	0.6170973403218086	104.16432561144975	64.2795282912405	0.032479742087086115	67.83848851277153	0.889
527	6774.469999999999	SANTA ROSA	333	0.7273166225796748	0.5819915087944628	12.936575102242204	7.5289768623868225	0.004339778075918055	8.849154679042986	0.930
400	3847.0	DE LOS RIOS	332	0.8649202547441315	0.7223941001888659	6.177512350125488	4.462598475574508	0.003418379025458972	5.491489169238821	0.877
2792	2486.3900000000003	SANTA ROSA	333	0.7273166225796748	0.5819915087944628	4.74802766393002	2.763311783928481	0.00159280073720629	3.2478481272226016	0.930
21	264.0	CAUCETE CENTRO	335	0.7767774573976227	0.6170973403218086	0.4720356688710839	0.2912919557973718	0.00014718663698767072	0.3074198974779286	0.889
252	2550.0	CAUCETE CENTRO	335	0.7767774573976227	0.6170973403218086	4.559435437959333	2.8136154821337054	0.0014216891072672741	2.9693967370027194	0.889
2961	1964.0	SANTA ROSA	333	0.7273166225796748	0.5819915087944628	3.7504680810164768	2.182740577156253	0.0012581536476068329	2.5654759397621407	0.930
6011	5346.0	SANTA ROSA	333	0.7273166225796748	0.5819915087944628	10.208758839671122	5.941410960019006	0.0034246891039236907	6.983215058028719	0.930
6012	93919.0	SANTA ROSA	333	0.7273166225796748	0.5819915087944628	179.34837662983017	104.37923231463243	0.06016524054459579	122.68173868967438	0.930
2942	5170.4	CAUCETE CENTRO	335	0.7767774573976227	0.6170973403218086	9.244747054284288	5.704908819146709	0.002882627984397927	6.020772113332885	0.889
695	21605.339999999997	SANTA ROSA	333	0.7273166225796748	0.5819915087944628	41.25770776451554	24.01163559127142	0.013840548538078312	28.221985713024726	0.930
6016	37737.600000000006	SANTA ROSA	333	0.7273166225796748	0.5819915087944628	72.06398383613411	41.94062668253147	0.024174999537641354	49.294758057213734	0.930
2984	207.0	DE LOS RIOS	332	0.8649202547441315	0.7223941001888659	0.3324005865547117	0.2401242226264422	0.0001839366930777248	0.29548693996164177	0.877
2964	4856.0	DE LOS RIOS	332	0.8649202547441315	0.7223941001888659	7.797764484587827	5.633059058328518	0.004314959331330587	6.931809567409335	0.877
969	0	SANTA ROSA	333	0.7273166225796748	0.5819915087944628	0.0	0.0	0.0	0.0	0.930
3013	346.0	DE LOS RIOS	332	0.8649202547441315	0.7223941001888659	0.5556067775262331	0.40136705810989853	0.00030744973818788783	0.4939057064093143	0.877
3016	2165.0	CAUCETE CENTRO	335	0.7767774573976227	0.6170973403218086	3.871050087522336	2.388814713262538	0.0012070419283269208	2.5210760531807397	0.889
3117	12529.0	DE LOS RIOS	332	0.8649202547441315	0.7223941001888659	20.11906738620282	14.533895581095143	0.011133057138023256	17.88481096994884	0.877
6015	10192.5	SANTA ROSA	333	0.7273166225796748	0.5819915087944628	19.463668999878024	11.327690087915025	0.006529394629955522	13.313958002049706	0.930
3025	13645.0	URBANO	334	0.7253248844625255	0.5336949514260944	26.12813829341054	13.944455497356014	0	13.944455497356014	0.871
2242	6577.0	SANTA ROSA	333	0.7273166225796748	0.5819915087944628	12.55948501468705	7.309513633379162	0.0042132772608503765	8.591209397054785	0.930
109	2824.3199999999997	SANTA ROSA	333	0.7273166225796748	0.5819915087944628	5.393341145914691	3.1388787509541483	0.0018092813187418175	3.689269351420065	0.930
3033	5882.79	DE LOS RIOS	332	0.8649202547441315	0.7223941001888659	9.44658379989465	6.824156403983613	0.005227347529810186	8.397524712738873	0.877
145	0	SANTA ROSA	333	0.7273166225796748	0.5819915087944628	0.0	0.0	0.0	0.0	0.930
