1, 2568079.969923299, 6498119.730440248
2, 2568007.420078981, 6497896.963935783
3, 2568008.9081447367, 6497902.030828643
4, 2568087.267247645, 6498700.629776991
5, 2568269.7988793193, 6498854.794999969
6, 2568428.2893068176, 6496492.689027243
7, 2568698.38704655, 6497118.624687895
8, 2569305.682665861, 6497618.739388345
9, 2569781.9227263387, 6497192.843409664
10, 2568323.1410047566, 6499198.511528125
11, 2568968.0998708317, 6496954.001985082
12, 2567559.6399630453, 6497990.370113236
13, 2567627.5416423227, 6497975.9900129
14, 2568550.2905139485, 6497783.339051104
15, 2568697.5671447273, 6497752.4045243105
16, 2568917.7887787293, 6497705.402209887
17, 2568938.381372175, 6497700.299630951
18, 2569056.6121965125, 6497673.211480109
19, 2569053.6354173613, 6497658.479205065
20, 2569032.638784623, 6497552.284795469
21, 2569392.142238559, 6497602.679454605
22, 2569850.444225547, 6497515.126873568
23, 2569902.42036666, 6497503.151633109
24, 2569903.4145864975, 6497508.449687125
25, 2569837.3106481093, 6497488.349272609
26, 2569842.7395848827, 6497517.082108742
27, 2569303.6333970963, 6497606.8997128485
28, 2569255.663924076, 6497329.763655244
29, 2569238.0332371457, 6497227.887223781
30, 2569188.0883081695, 6496960.057912699
31, 2569255.864089161, 6497224.175946193
32, 2569290.6583780097, 6497216.934359465
33, 2569077.1647553886, 6497477.755326903
34, 2569028.92061985, 6497245.998770919
35, 2568989.955847064, 6497059.231703449
36, 2568937.310003773, 6497695.508933462
37, 2568935.512862105, 6497687.477522573
38, 2568911.385524354, 6497570.556959797
39, 2568685.0457137236, 6497616.924152568
40, 2568669.4436278413, 6497713.916207273
41, 2568674.6334468825, 6497738.326509656
42, 2568701.8222792414, 6497751.511062842
43, 2568650.332511917, 6497624.03512518
44, 2568642.8133454802, 6497586.11065515
45, 2568589.872005086, 6497315.535661251
46, 2568612.4032306266, 6497432.090070605
47, 2568617.425451119, 6497458.069977741
48, 2568582.8627168154, 6497279.278992324
49, 2568579.8132814486, 6497262.818413864
50, 2568581.355070793, 6497271.192963688
51, 2568566.9780177185, 6497282.824189191
52, 2568501.3473937986, 6497296.276264039
53, 2568291.9457265334, 6497339.193826207
54, 2568500.34578864, 6497290.868786518
55, 2568484.700000308, 6497206.407256978
56, 2568461.0408089724, 6497210.893640278
57, 2568577.949824329, 6497123.007851613
58, 2568694.935705403, 6497101.268436857
59, 2568660.761910482, 6496926.397482775
60, 2568464.163346956, 6496685.940462908
61, 2568549.7859141044, 6497128.241556085
62, 2568607.548046827, 6497307.248344572
63, 2568712.975858151, 6497288.2100326335
64, 2568635.237576522, 6497431.660735377
65, 2568735.6135632517, 6497413.54052034
66, 2568468.382675014, 6497830.171848752
67, 2568485.08132717, 6497906.612945747
68, 2568453.066734254, 6497780.977551628
69, 2568426.914572906, 6497650.860598433
70, 2568243.4690917, 6497876.431381816
71, 2568276.4939090763, 6498046.053172773
72, 2568307.920436254, 6498201.56654743
73, 2568370.423770817, 6498185.928813317
74, 2568234.765413235, 6497834.947303868
75, 2568201.317507519, 6497667.61214491
76, 2568053.3559440067, 6497991.233141673
77, 2568065.019847284, 6498122.89988072
78, 2567917.7621468827, 6498154.119438256
79, 2568179.9200484715, 6498589.36482189
80, 2568235.543189043, 6498862.2676854255
81, 2568295.4593877033, 6499156.204832112
82, 2568166.02519991, 6498516.933989675
83, 2569386.5747864274, 6497641.108607908
84, 2569382.028406838, 6497604.819624126
85, 2568290.459428316, 6499163.146529689
86, 2568277.6485410947, 6499166.071042809
87, 2568318.075314112, 6499210.526234424
88, 2568361.7969252663, 6499405.849175789
89, 2568379.6395725138, 6499486.7869343925
90, 2568512.738725379, 6500143.382890054
91, 2568297.5375468675, 6499161.530968628
92, 2568308.0129477405, 6499193.198049053
93, 2568317.028374085, 6499205.850799523
94, 2568338.3335588854, 6497827.894426817
95, 2568457.459771706, 6497802.836655998
96, 2568029.088098996, 6497874.396542735
97, 2568014.761025795, 6497805.9590016
98, 2567343.78870186, 6497992.261785137
98, 2567343.78870186, 6497992.261785137
99, 2567369.9629201014, 6497986.651389123
100, 2567333.4193132184, 6497994.484687742
101, 2567391.6997659355, 6497982.045656131
102, 2567400.215941797, 6498024.132657046
103, 2567404.2959790877, 6498023.268593797
104, 2569121.4463112843, 6497659.170903312
105, 2569307.175209275, 6497620.658850324
106, 2569904.540007735, 6497514.446894468
107, 2568010.41343825, 6497907.159739992
108, 2568976.4449005136, 6497062.587890578
109, 2568883.2221607063, 6497254.052568354
110, 2568445.2751424015, 6499907.1215836285
111, 2568580.1376129156, 6500446.443039575
112, 2568496.045760511, 6500147.217161157
113, 2568464.4524996164, 6499984.937360081
114, 2567917.766265279, 6500452.513813842
115, 2567892.052183793, 6500479.497539434
116, 2567893.8246906563, 6500604.739409637
117, 2568148.602645248, 6500400.81733236
118, 2568364.0646489523, 6499490.27996419
119, 2568190.368919283, 6499529.235571354
120, 2568032.957762008, 6497891.651761968
121, 2568085.391693007, 6498146.296777917
122, 2568193.3752234173, 6498656.180529268
123, 2568197.871693031, 6498678.509092285
124, 2568452.873013234, 6499817.052995404
125, 2568447.244452641, 6499849.805740747
126, 2568459.3170524235, 6499903.873493607
127, 2568519.794756389, 6500175.110419346
128, 2568549.732856428, 6500309.727450444
129, 2568476.814031192, 6499982.234130256
130, 2568262.939645542, 6499949.298332163
131, 2568453.4215723686, 6499987.349612264
132, 2568272.6000176407, 6500198.541270558
133, 2568527.143763799, 6500314.774076226
134, 2568356.4132034276, 6500352.916964993
135, 2568101.824035681, 6498226.8142450275
136, 2568163.8117528353, 6498505.3965526065
137, 2568237.5909978296, 6497849.085262544
x_10, 2569850.444225547, 6497515.126873568
x_79, 2569077.1647553886, 6497477.755326903
x_80, 2568276.4939090763, 6498046.053172773
x_84, 2568617.425451119, 6497458.069977741
x_14, 2568426.914572906, 6497650.860598433
x_15, 2568201.317507519, 6497667.61214491
x_81, 2568370.423770817, 6498185.928813317
x_82, 2568163.8117528358, 6498505.396552607
x_335, 2568277.6485410947, 6499166.071042809
x_3022, 2568519.794756389, 6500175.110419346
x_12, 2569255.663924076, 6497329.763655244
x_13, 2569188.088308169, 6496960.057912699
x_60, 2567917.7621468827, 6498154.119438256
x_47, 2568361.7969252663, 6499405.849175789
x_3009, 2568087.267247645, 6498700.629776991
x_57, 2568485.08132717, 6497906.612945747
x_59, 2568179.9200484715, 6498589.36482189
x_71, 2569290.6583780097, 6497216.934359465
x_72, 2569781.9227263387, 6497192.843409664
x_75, 2569392.142238559, 6497602.679454605
x_76, 2568291.9457265334, 6497339.193826207
x_840, 2567627.5416423227, 6497975.9900129
x_2943, 2568190.368919283, 6499529.235571354
x_116, 2568883.2221607063, 6497254.052568354
x_132, 2568262.939645542, 6499949.298332163
x_131, 2568453.4215723686, 6499987.349612264
x_130, 2568272.6000176407, 6500198.541270558
x_129, 2568148.602645248, 6500400.81733236
x_128, 2568356.413203428, 6500352.916964993
x_3, 2568464.163346956, 6496685.940462908
x_6, 2568698.38704655, 6497118.624687895
x_7, 2568660.761910482, 6496926.397482775
x_8, 2568579.813281449, 6497262.818413864
x_9, 2568935.512862105, 6497687.477522573
x_69, 2569028.92061985, 6497245.998770919
x_70, 2568101.824035681, 6498226.814245028
x_74, 2568976.4449005136, 6497062.587890578
x_91, 2568461.0408089724, 6497210.893640278
x_89, 2568968.099870832, 6496954.001985082
x_93, 2568712.975858151, 6497288.2100326335
x_92, 2568735.613563252, 6497413.54052034
x_96, 2568014.761025795, 6497805.9590016

