1, 2562945.1899095066, 6493592.460218013
2, 2563453.4418116105, 6493495.65599126
3, 2564123.9048387473, 6495508.8692859
4, 2563925.988355576, 6494399.056387617
5, 2565288.788569265, 6494441.950754364
6, 2563599.7223209175, 6505656.793832316
7, 2562135.325941641, 6505573.416025048
8, 2563140.5371560617, 6505642.014444052
9, 2563174.4586390685, 6505655.278522064
10, 2563233.7472173255, 6505699.639566479
11, 2563263.8658273886, 6505710.771311539
12, 2563277.10637838, 6505706.649463289
13, 2563288.1762502766, 6505701.732601341
14, 2566413.086536938, 6503636.964654938
15, 2563306.1288871197, 6497865.2860234445
16, 2563421.847774569, 6496308.399222847
17, 2563397.7553407676, 6496358.3357152045
18, 2563361.961856484, 6496437.169465616
19, 2563207.240415713, 6496769.849437058
20, 2563168.28961188, 6497006.750027346
21, 2563165.8419659846, 6497054.461566676
22, 2563168.6937535815, 6497097.901255642
23, 2566248.9097692817, 6499000.105216462
24, 2567436.5167697244, 6506199.629600372
25, 2567668.738818083, 6505925.029629858
26, 2567647.5280423667, 6505840.21611153
27, 2570435.9135536994, 6493011.521990761
28, 2567116.3289231607, 6496713.740461994
29, 2567075.355040472, 6496480.750609007
30, 2566981.092608358, 6495960.668322156
31, 2563188.60022648, 6502954.134779036
32, 2563183.2702946663, 6502974.940142308
33, 2563137.682743743, 6502977.911151295
34, 2563051.568001434, 6502970.354804024
35, 2562884.5657025143, 6502924.503655476
36, 2562593.6043743035, 6502833.611678406
37, 2561924.5735580865, 6502610.580323984
38, 2564562.8732493464, 6502690.169182431
39, 2564818.317057055, 6502632.510054014
40, 2564033.903899812, 6501441.466734602
41, 2565833.8674644185, 6505194.68309261
42, 2566805.959394036, 6506337.974958502
43, 2572719.7331605842, 6499608.753312679
44, 2564836.454568757, 6493208.391761646
45, 2563597.1901690657, 6504251.195218957
46, 2566185.0070051383, 6505115.437638694
47, 2566155.068465592, 6505120.706268817
48, 2570903.326909663, 6494626.056590899
49, 2571636.1003074283, 6495770.662657098
50, 2571532.6438388336, 6495228.347221293
51, 2565019.65517507, 6493187.328339622
52, 2565069.8934209957, 6493406.246232718
53, 2572087.6691458165, 6499713.297387623
54, 2572007.096587086, 6499745.963038394
55, 2569916.9230738, 6493462.544300243
56, 2570480.620453281, 6493312.80438312
57, 2565303.1836387627, 6494411.955701267
58, 2567378.07295088, 6497971.837949835
59, 2567832.9158694167, 6497961.078519184
60, 2567855.7136176964, 6497995.729734508
61, 2567333.482252643, 6497994.886922844
62, 2567783.1124255112, 6498417.135754786
63, 2568087.267247645, 6498700.629776991
64, 2568576.334863159, 6498143.7934432095
65, 2568698.38704655, 6497118.624687895
66, 2569305.682665861, 6497618.739388345
67, 2567334.045077947, 6497996.5629275385
68, 2567513.3257675422, 6498714.144050349
69, 2567517.920712725, 6498735.033271071
70, 2567541.740421264, 6499138.29726321
71, 2566718.8376579834, 6494786.242848513
72, 2572303.2398826825, 6499669.780412365
73, 2568830.772531917, 6497974.811575132
74, 2567739.3903103503, 6499175.788832506
75, 2567649.8209192217, 6499324.919715658
76, 2566357.4081204897, 6499582.196551241
77, 2568949.4373118537, 6504571.4826040175
78, 2568905.5046126805, 6504579.095371709
79, 2568884.0979386116, 6504584.64173902
80, 2568834.566015815, 6504593.690571329
81, 2568797.945044909, 6504603.775923811
82, 2568777.6093585384, 6504610.460451061
83, 2568678.004781478, 6504630.05658827
84, 2568507.653366925, 6504664.477436499
85, 2568507.9970366587, 6504651.305472773
86, 2567915.7273423336, 6504770.988284675
87, 2567090.472293996, 6496742.237157916
88, 2567453.5611125575, 6504888.349010094
89, 2567594.491122061, 6505572.591985485
90, 2566603.4375459678, 6500682.603190797
91, 2566004.3999473555, 6501527.638979115
92, 2568771.477327419, 6498222.557297499
93, 2568664.7100819596, 6497878.603647354
94, 2568570.340897519, 6497815.987070137
95, 2567415.7285869573, 6499721.132494668
96, 2568110.728224211, 6497888.91073007
97, 2569781.9227263387, 6497192.843409664
98, 2567674.2893291856, 6499337.312975015
99, 2567642.5531105143, 6499460.940443422
100, 2567054.0606199703, 6499427.781430687
101, 2567146.4375059633, 6499442.071767801
102, 2568402.870795035, 6502902.595172742
103, 2568627.0005503767, 6503954.734398448
104, 2568669.1600625115, 6504057.41330118
105, 2570477.4145129872, 6500074.998595526
106, 2569199.6984279286, 6500318.181861029
107, 2571835.0359515795, 6503046.0067770695
108, 2568936.289766356, 6499031.090104729
109, 2568310.8067602133, 6499195.546824774
110, 2568036.6143499794, 6497230.82445873
111, 2568107.9569948865, 6497215.82939103
112, 2568117.3218012713, 6497259.640384354
113, 2571453.432480546, 6498529.218571827
114, 2571290.2535344176, 6498562.681325613
115, 2576547.988372845, 6492937.849198095
116, 2576567.275807118, 6493054.076234222
117, 2576570.525551685, 6493097.504483765
118, 2576573.537895111, 6493159.99145563
119, 2576559.527818651, 6493261.917902025
120, 2576545.631526089, 6493319.979117786
121, 2576477.5871092374, 6493485.411626298
122, 2576848.558231844, 6493707.572940239
123, 2576992.4979098, 6493709.307314362
124, 2577121.2145143673, 6493698.1616410995
125, 2581927.4708544966, 6491137.682990759
126, 2581984.379167985, 6491033.351605569
127, 2582021.2787623345, 6490957.423393825
128, 2590680.871229032, 6486656.9877071595
129, 2590770.7716626986, 6486687.413381462
130, 2590891.5377753126, 6486712.91483258
131, 2590942.041799945, 6486724.353642035
132, 2591017.3315150943, 6486757.203097599
133, 2591066.5728609567, 6486788.660515848
134, 2591110.8386688335, 6486824.738782965
135, 2591174.989439323, 6486911.985947111
136, 2591344.738289327, 6487119.399629194
137, 2591366.7896702983, 6487144.1690355055
138, 2591425.265306345, 6487200.384356704
139, 2591489.7170749614, 6487246.644191651
140, 2591576.841189268, 6487288.236967485
141, 2591678.531619267, 6487327.325135542
142, 2591760.693699861, 6487365.171322174
143, 2591834.5429889653, 6487390.004061707
144, 2591895.8824221953, 6487420.02310926
145, 2591979.0437686937, 6487492.212916976
146, 2595638.992343595, 6488594.85238117
147, 2596679.524636557, 6489105.074626206
148, 2596715.009779673, 6489100.662873744
149, 2596748.2741989708, 6489107.361968928
150, 2596780.7379580033, 6489115.684212484
151, 2596802.706902263, 6489127.036308047
152, 2596818.9750574296, 6489159.254889281
153, 2596822.681853211, 6489180.730292837
154, 2596799.834193336, 6489221.398254204
155, 2596621.1533120177, 6489113.108122795
156, 2596656.2548528877, 6489100.703318466
157, 2596653.2453726176, 6489071.156468913
158, 2596665.043592615, 6489048.175251298
159, 2596678.700031801, 6489017.0373448
160, 2596682.553680876, 6488990.825849304
161, 2596680.5303723053, 6488975.184674567
162, 2596674.928115209, 6488946.5102401385
163, 2596376.337546322, 6488946.098092763
164, 2656368.1351255025, 6518578.62837626
165, 2656359.48317663, 6518592.07679675
166, 2656341.5760908136, 6518619.911221502
167, 2640142.2333577154, 6539033.4519422855
168, 2640097.988579072, 6538960.462474063
169, 2640055.519493821, 6538901.91327984
170, 2640052.5800195825, 6538829.913351743
171, 2640012.4990760805, 6538712.958568853
172, 2639994.320741684, 6538398.5216172505
173, 2673846.8914425955, 6504933.055992032
174, 2661645.1786870225, 6518867.443610547
175, 2661653.8494314067, 6518829.240202515
176, 2661672.372732374, 6518750.715818535
177, 2661687.3116844785, 6518703.59201229
178, 2661682.64471508, 6518664.865695259
179, 2661679.680739615, 6518607.721396752
180, 2661690.8048131913, 6518529.534504204
181, 2661328.726049951, 6516720.00769799
182, 2661331.5042848093, 6516701.635843116
183, 2661333.1433708593, 6516690.796906742
184, 2661336.512554808, 6516664.944467
185, 2661342.9951729006, 6516625.648644768
186, 2661347.255715081, 6516597.474237802
187, 2661350.8223223817, 6516573.888648197
188, 2661355.353924062, 6516543.921545649
189, 2661374.5124280173, 6516433.389785003
190, 2627791.647011609, 6502875.962864501
191, 2630038.2142695887, 6503318.770601365
192, 2631378.606332176, 6503715.516564152
193, 2635220.1772782216, 6504832.004781816
194, 2637022.3415893186, 6505350.497009323
195, 2638966.9302675147, 6505905.683658606
196, 2641250.574786274, 6506582.852980978
197, 2644716.8056242247, 6507646.330730919
198, 2646254.0453584027, 6508089.898937767
199, 2647119.6422936134, 6508145.372162908
200, 2647520.424127806, 6508187.72958268
201, 2648512.6499601505, 6508351.908846137
202, 2649308.369588158, 6508853.378748154
203, 2650248.673211107, 6509785.18208842
204, 2651504.6434525466, 6510992.485946827
205, 2651951.1545625464, 6511407.379821019
206, 2652205.1553404653, 6511643.379718476
207, 2652235.9856773787, 6511727.061137652
208, 2652312.2354235444, 6511940.829654668
209, 2652381.226978646, 6512146.55214332
210, 2652473.8296177173, 6512212.392060672
211, 2652635.801096849, 6512263.199011104
212, 2652790.4109455007, 6512271.744139875
213, 2652803.00240543, 6512274.068540429
214, 2652889.020297905, 6512306.916666494
215, 2652939.7221619375, 6512326.278092374
216, 2564651.6856009066, 6502614.979168616
217, 2564794.8854024187, 6502554.293915497
218, 2564818.610494787, 6502539.601815202
219, 2568389.1434258306, 6498300.2374659795
220, 2656380.0358073227, 6518560.130188675
BusMT_220, 2656380.0358073227, 6518560.130188675
221, 2567530.894987488, 6499158.3487022845
222, 2569440.186156004, 6494862.2191711
223, 2566796.566604866, 6500961.133278801
224, 2569425.6524133445, 6497881.112891757
225, 2569415.0991436825, 6497880.47707247
226, 2568968.0998708317, 6496954.001985082
227, 2567368.8824744276, 6498042.357647439
228, 2567404.9602247546, 6498211.820012959
229, 2563599.998523557, 6505671.312863871
230, 2567377.8475476434, 6497970.792939379
231, 2567351.9071655325, 6497465.681709698
232, 2567356.9419443966, 6497874.037866741
233, 2567260.78813857, 6497410.590099988
234, 2567209.907333737, 6497420.8692935025
235, 2567139.4396370538, 6496728.351845176
236, 2567907.758580029, 6496573.650994128
237, 2568029.670466115, 6496549.13938128
238, 2568409.2543235277, 6496473.116932545
239, 2568484.583262097, 6496458.305638403
240, 2568920.8520186916, 6496368.975347223
241, 2575619.3595342636, 6493552.349052079
242, 2569033.4040647876, 6496345.992890331
243, 2569245.708642117, 6496302.6800071485
244, 2569639.97157463, 6496223.363359637
245, 2569740.007629368, 6496202.905434704
246, 2570349.208956423, 6496077.351272722
247, 2569771.2827646937, 6494846.584772394
248, 2567912.6028254046, 6496604.498388035
249, 2567993.3522157185, 6497091.393636903
250, 2568016.158763891, 6497226.359015658
251, 2568022.6265820116, 6497259.340622744
252, 2568947.557117783, 6496363.506779284
253, 2570982.231233354, 6495929.510146206
254, 2571038.6017793445, 6496076.3623689385
255, 2571065.259408008, 6496213.4876742875
256, 2570936.7728403024, 6495657.869648196
257, 2570988.4253120064, 6495648.731836069
258, 2571230.0542355934, 6495608.101663553
259, 2570748.412021619, 6494627.441017277
260, 2570629.5003252756, 6493979.496577857
261, 2568420.169924867, 6496461.993992103
262, 2568393.5849586125, 6496331.307073972
263, 2568288.3846386974, 6495792.61118197
264, 2568292.525964514, 6495815.472693428
265, 2568074.833517914, 6494721.186147314
266, 2568051.5046344455, 6494602.882047334
267, 2567958.0701659145, 6494126.823911304
268, 2567853.640844365, 6493623.646878779
269, 2567896.092885688, 6493818.231611926
270, 2567911.2787245517, 6493886.418260812
271, 2569193.7835312765, 6493646.796589901
272, 2570489.9763603657, 6493308.226243392
273, 2568879.730966622, 6498018.282273333
274, 2568892.150705919, 6498008.5034938045
275, 2568428.2893068176, 6496492.689027243
276, 2571785.8069756627, 6493063.889862342
277, 2571884.495593034, 6493580.852875566
278, 2572740.4776696153, 6492856.445016455
279, 2572996.448380489, 6492808.538870009
280, 2572735.389154484, 6492824.9976727655
281, 2572719.7395053157, 6492733.686098711
282, 2573072.540918457, 6492792.315459675
283, 2574327.982279994, 6492520.253826274
284, 2573034.61260361, 6492801.303119479
285, 2573037.622447289, 6492817.246661356
286, 2573114.412477549, 6493231.887296885
287, 2573176.2623454365, 6493565.845534853
288, 2573269.1183558083, 6494066.547997987
289, 2573272.90446587, 6494087.650234993
290, 2573277.433059589, 6494111.1011264
291, 2572077.3551707882, 6494349.515909502
292, 2573319.9132206636, 6494076.737354193
293, 2573755.6231826516, 6493973.766001802
294, 2573930.3874309347, 6493932.179534523
295, 2573923.727147105, 6493895.134646827
296, 2573808.9959534947, 6493256.906758152
297, 2574706.6299100867, 6492431.5383275
298, 2574333.7347329278, 6492532.172253327
299, 2574390.6510132896, 6492850.123079782
300, 2574443.8147324338, 6492836.89462428
301, 2575646.794468966, 6492215.573014405
302, 2575672.396262617, 6492202.039849515
303, 2575537.44798084, 6491323.848323095
304, 2575671.7605813835, 6492208.439212312
305, 2575768.5026616277, 6492184.031307059
306, 2576107.592405271, 6492109.072123346
307, 2576330.259574205, 6492062.412113581
308, 2576348.361619764, 6492123.285098609
309, 2576515.418852161, 6492806.894696
310, 2575139.6838045525, 6493630.304530675
311, 2575118.5972880977, 6493475.931361982
312, 2575143.9832292073, 6493663.485481
313, 2575292.9014517944, 6493628.444664762
314, 2574573.8076523733, 6493795.391658726
315, 2574589.066031009, 6493875.9236727515
316, 2574687.505317244, 6494396.037661998
317, 2574724.4867493846, 6494423.362895279
318, 2574902.1636026553, 6494385.475920975
319, 2573601.134126375, 6495343.094012872
320, 2573605.7721423144, 6495342.007461524
321, 2573971.2883268646, 6495256.377720612
322, 2573565.5132306307, 6495368.929838959
323, 2573565.358599485, 6495368.071728281
324, 2573562.4049077337, 6495351.722194203
325, 2568500.5768647413, 6493789.734019716
326, 2569087.1686857934, 6493669.123821237
327, 2573506.1884887232, 6495383.548592109
328, 2573473.16842239, 6495390.375861094
329, 2572926.6066522337, 6495516.254488735
330, 2572937.8783085085, 6495513.796746053
331, 2572921.1062387377, 6495486.297368714
332, 2572877.722157024, 6495230.165371609
333, 2572660.673755335, 6495552.153458769
334, 2572663.194898153, 6495575.77523615
335, 2572308.9262688155, 6495631.503701642
336, 2572298.580490755, 6495633.682912354
337, 2572265.357357164, 6495640.892424189
338, 2572367.064429575, 6496054.943496443
339, 2572477.849430059, 6496613.424627852
340, 2572538.2386900997, 6496924.501863413
341, 2571232.83275211, 6497200.1317532165
342, 2574734.346555125, 6496495.531316507
343, 2574508.3281303365, 6496549.086407707
344, 2574716.263085137, 6496501.045550368
345, 2574274.0102801253, 6496565.467034028
346, 2574229.1695012385, 6496309.148670606
347, 2574279.4971723533, 6496596.833155556
348, 2574070.6575461226, 6496639.043907985
349, 2574094.016241686, 6496601.920153708
350, 2574059.0326533285, 6496408.090124159
351, 2573796.2871489306, 6496695.4304568125
352, 2573862.907995737, 6497236.499292346
353, 2573755.2382648787, 6496666.778065838
354, 2573670.791377195, 6496218.375676621
355, 2572555.688818342, 6497017.579384888
356, 2572544.3972335593, 6496956.227431909
357, 2572519.346944069, 6496961.1661398215
358, 2571215.59239343, 6497234.715081189
359, 2570981.584201062, 6497284.324053268
360, 2570625.035027636, 6497359.911313052
361, 2571614.7049301574, 6498946.137168144
362, 2572336.952374328, 6499662.688052454
363, 2572714.6713973386, 6499583.22435455
364, 2573010.5138784708, 6499520.596810428
365, 2572922.6383718792, 6499039.667059789
366, 2572553.479479829, 6496954.543534824
367, 2573235.934760553, 6496815.358572836
368, 2572781.2035654783, 6498264.877435135
369, 2574148.6976746633, 6497927.7037063455
370, 2574207.866821198, 6497911.567591712
371, 2573987.7796239886, 6497906.851585859
372, 2573957.232668378, 6497737.624997058
373, 2573965.7173993494, 6497726.462143272
374, 2573661.179364906, 6498049.869433035
375, 2573658.809287986, 6498036.847429988
376, 2573998.318256651, 6497965.23650582
377, 2572827.152677318, 6498236.427665654
378, 2573392.6726176366, 6498112.165032426
379, 2572806.1417181664, 6498223.155823082
380, 2572726.7612186135, 6498239.295263254
381, 2572774.277723668, 6498229.634299309
382, 2571521.996339036, 6498512.768741388
383, 2572225.687006671, 6498345.108797722
384, 2568423.4682726925, 6496470.270087933
385, 2568441.8029502053, 6496466.535068681
386, 2576474.966617742, 6493632.755509873
387, 2576527.8579450357, 6493680.387573111
388, 2576547.3539119307, 6493697.944953038
389, 2576579.054977382, 6493698.459995631
390, 2577232.405048441, 6493692.19927091
391, 2577605.4514750177, 6493701.040369373
392, 2578515.930197926, 6493722.618467441
393, 2582064.117622903, 6490869.273967447
394, 2582124.74498584, 6490779.691639161
395, 2582182.380590277, 6490678.263960089
396, 2582279.3818700816, 6490513.728262977
397, 2582396.074861787, 6490308.748380509
398, 2582482.689757066, 6490151.871744701
399, 2582600.094612159, 6489953.878072374
400, 2582713.1674324586, 6489754.013428309
401, 2582831.802544796, 6489543.966417738
402, 2582909.0658604503, 6489407.604716444
403, 2583105.6115719606, 6489062.453705521
404, 2583133.667705747, 6489015.862605355
405, 2583166.2434225096, 6488980.463844079
406, 2583238.694326342, 6488928.405663442
407, 2583518.5217596916, 6488742.2414286025
408, 2583810.988315332, 6488549.611390134
409, 2583855.8621261334, 6488522.804737318
410, 2583909.7535378383, 6488505.758523683
411, 2583968.1446480677, 6488492.962269546
412, 2584089.1181834233, 6488474.0037875725
413, 2584390.3680483648, 6488427.906660015
414, 2584585.9350883556, 6488395.268167054
415, 2584672.249505, 6488373.968377218
416, 2584769.2869582283, 6488325.817319862
417, 2584950.5911015216, 6488239.874519576
418, 2585068.248558638, 6488184.525603724
419, 2585097.9535507886, 6488168.734527416
420, 2585187.804849036, 6488104.140670841
421, 2585265.5332593084, 6488032.604185472
422, 2585465.507990424, 6487827.2934414605
423, 2585627.787417733, 6487668.390993132
424, 2585941.1467138114, 6487366.549692269
425, 2586011.477098039, 6487335.437214397
426, 2586579.7283191257, 6487084.056481694
427, 2587008.1042860476, 6486917.285657132
428, 2588691.288044841, 6486355.733958317
429, 2588990.3803484985, 6486377.275996222
430, 2590067.4238921423, 6486508.471395854
431, 2590115.9892745544, 6486510.087213134
432, 2590160.0171505306, 6486509.002111146
433, 2590264.4782560053, 6486494.036530969
434, 2590378.3106785244, 6486485.978511362
435, 2590452.538768488, 6486498.194892221
436, 2590504.83068312, 6486529.305896807
437, 2590567.0459534703, 6486576.233593336
438, 2595525.1354591977, 6488546.144084385
439, 2595528.4796832907, 6488548.297826934
440, 2595538.807797237, 6488550.99858522
441, 2595552.358107451, 6488554.541934252
442, 2595561.211705603, 6488557.69115286
443, 2595558.433003276, 6488556.130493918
444, 2595552.956186907, 6488672.351323482
445, 2595528.784219542, 6488735.088714028
446, 2595495.5550055504, 6488821.513633413
447, 2595475.628505707, 6488873.339901204
448, 2595460.396557882, 6488928.68267826
449, 2595437.8354782145, 6488966.890680321
450, 2595405.801780558, 6489017.257742576
451, 2595394.051826437, 6489054.5504188305
452, 2595381.6351108695, 6489083.667887696
453, 2595363.083915714, 6489118.693906073
454, 2595315.616806856, 6489183.164943427
455, 2595273.4550244245, 6489252.279640793
456, 2595220.398498792, 6489342.544327797
457, 2595207.30661182, 6489365.666634658
458, 2595178.37293873, 6489382.294561251
459, 2595157.9621207546, 6489394.024478221
460, 2595135.2417144603, 6489405.889311201
461, 2595109.0322203916, 6489419.157471586
462, 2595078.5100652804, 6489450.603542
463, 2595020.448729363, 6489561.730716945
464, 2595007.109400543, 6489596.006766981
465, 2594995.5473661306, 6489633.675242031
466, 2594960.6083408785, 6489667.824398839
467, 2594920.4224804193, 6489704.906208914
468, 2594885.750527081, 6489730.7490007095
469, 2594844.4913493716, 6489763.537015204
470, 2594756.4583099717, 6489874.04107193
471, 2594619.21025852, 6489933.169804867
472, 2594422.4812182444, 6489951.896061008
473, 2594259.4068966047, 6490109.941830058
474, 2594054.419974778, 6490363.694465781
475, 2594004.6954379096, 6490552.504516472
476, 2593919.3776805857, 6490760.366448213
477, 2593790.7076746766, 6490930.64793118
478, 2593796.6428047502, 6491131.985062886
479, 2593783.918687944, 6491283.748787406
480, 2593777.3327799384, 6491559.342868039
481, 2593756.8243782567, 6491663.124820462
482, 2593713.8680563904, 6491819.506543392
483, 2593644.5128920856, 6491927.374633526
484, 2593627.6098750588, 6492063.093558628
485, 2593603.7317786687, 6492108.776481968
486, 2593589.346709006, 6492136.297605261
487, 2593584.0278461897, 6492146.4735086635
488, 2593553.8693530234, 6492176.580059709
489, 2593156.747215896, 6492156.80377956
490, 2592885.4495488163, 6492104.610734855
491, 2595653.9144179896, 6488657.820918164
492, 2595586.355412116, 6488639.1419589855
493, 2595568.613613806, 6488631.497573142
494, 2596341.4982863413, 6488988.51067687
495, 2596000.496102325, 6488806.100296656
496, 2596650.4852568386, 6488914.505516824
497, 2596628.375840875, 6488903.928331804
498, 2596618.109773804, 6488919.583172122
499, 2596417.61812943, 6488880.537411323
500, 2595537.66546261, 6488618.223966395
501, 2595563.98151731, 6488559.246818382
BusMT_501, 2595563.98151731, 6488559.246818382
502, 2595597.79522583, 6488581.395618248
503, 2656465.493380273, 6518579.61804224
504, 2656620.235525415, 6518673.316772355
505, 2656690.2920226464, 6518717.321930439
506, 2656754.425141342, 6518766.436058755
507, 2656795.2644566894, 6518777.156607461
508, 2656866.2197601814, 6518775.280260688
509, 2657023.2144701234, 6518773.727858747
510, 2657060.7034768993, 6518757.781179248
511, 2657160.0636172635, 6518765.195641086
512, 2657351.957804056, 6518670.003881318
513, 2657662.0783679592, 6518509.596544631
514, 2658238.4174870313, 6518136.126565675
515, 2658292.016278209, 6518101.493288904
516, 2658431.8276169873, 6518027.250372001
517, 2658544.1336703836, 6517987.904861407
518, 2658685.5976186027, 6517948.814751593
519, 2658795.527932917, 6517931.482930506
520, 2658955.535548495, 6517897.954024218
521, 2659079.680055095, 6517879.616129274
522, 2659166.4047095543, 6517870.255188778
523, 2659343.1121816672, 6517905.275583919
524, 2659662.6999069173, 6517997.429535767
525, 2660265.662139805, 6518174.760555764
526, 2660826.718201764, 6518467.677276861
527, 2661047.157281163, 6518593.829291589
528, 2661638.9918274237, 6518902.8741966905
529, 2661641.052263984, 6518882.592772147
530, 2661707.3209942137, 6518446.98077737
531, 2661716.7358982363, 6518385.871522061
532, 2661704.289106176, 6518300.420206466
533, 2661693.6815909883, 6518259.885968264
534, 2661644.135578664, 6518110.929861041
535, 2661587.7802455197, 6517945.406624297
536, 2661584.525975331, 6517936.426297305
537, 2661582.3769878517, 6517897.736957935
538, 2661577.2708533136, 6517829.932446112
539, 2661568.355204226, 6517774.4303344535
540, 2661555.4841422993, 6517694.304454508
541, 2661523.2401450602, 6517589.494054428
542, 2661762.3087984757, 6517365.442700964
543, 2661886.8974733553, 6517399.086137725
544, 2662028.369178102, 6517427.248881829
545, 2662154.6341399513, 6517427.640961663
546, 2662289.605694211, 6517449.421954093
547, 2662439.258259007, 6517447.496372698
548, 2662496.075403098, 6517439.325357851
549, 2662576.248027157, 6517442.123230217
550, 2662634.509547662, 6517474.405202382
551, 2662680.6855763793, 6517514.161304953
552, 2662756.4489107304, 6517521.074305538
553, 2662831.133663551, 6517511.0034507485
554, 2661496.260334274, 6517372.674243064
555, 2661484.8450085376, 6517334.841658531
556, 2661412.45644758, 6517080.841021072
557, 2661362.940305949, 6516903.938625173
558, 2661330.02312984, 6516778.672294075
559, 2661323.6304108086, 6516753.702134068
560, 2661325.5460843747, 6516738.341098935
561, 2656306.4791474994, 6518674.465225303
562, 2656245.0362346102, 6518769.789598085
563, 2656229.8202502243, 6518790.940601314
564, 2656211.3571840725, 6518816.3923055725
565, 2656173.405183728, 6518868.709893606
566, 2656032.9013656345, 6518916.081080976
567, 2655566.859059198, 6519073.208323172
568, 2655398.7257634043, 6519084.25903803
569, 2655049.3013488026, 6519137.760485342
570, 2654732.868712394, 6519169.137623002
571, 2654588.783590823, 6519227.551180706
572, 2654444.5379768214, 6519275.04791047
573, 2654171.8785425685, 6519364.8283282025
574, 2654004.052984855, 6519420.089385777
575, 2653750.8840095764, 6519530.279012543
576, 2653465.0014829435, 6519654.699578771
577, 2653115.070611808, 6519892.465618733
578, 2652448.5670121014, 6520369.671112792
579, 2651702.106861413, 6521241.139057812
580, 2651273.4044125173, 6521894.8174224105
581, 2651014.7890673517, 6522544.063047533
582, 2650772.3888097503, 6523951.653175115
583, 2650695.8859673836, 6524569.190342417
584, 2650436.593458014, 6525374.37426262
585, 2650205.5978628574, 6525938.468216666
586, 2649939.418215762, 6526312.126313208
587, 2649734.218876256, 6526653.646851347
588, 2649571.668258348, 6527114.20856799
589, 2649555.1002313853, 6527509.300965829
590, 2649284.9702514256, 6527796.027741898
591, 2649029.8102281275, 6528012.010807735
592, 2647941.5653710696, 6528392.474904635
593, 2647295.530979505, 6528368.274851582
594, 2644911.583858341, 6529692.068047559
595, 2643393.9453721214, 6531355.423251196
596, 2643176.2136459225, 6531739.170486176
597, 2642919.856841693, 6532072.69076073
598, 2642660.3815710656, 6532410.247390829
599, 2642352.869366817, 6533007.389372582
600, 2641998.794474325, 6533436.380735645
601, 2641413.5055717616, 6534087.549026959
602, 2641004.7940703984, 6534653.233994688
603, 2640751.1570022884, 6535056.461832467
604, 2640549.8255133927, 6535926.134061838
605, 2640171.576421771, 6536918.035898864
606, 2639880.463787109, 6537277.353410419
607, 2640839.1244130568, 6539694.205796404
608, 2640858.818482511, 6539809.558489236
609, 2640922.959448832, 6539840.185309246
610, 2641004.808757198, 6539959.409852296
611, 2641173.812207616, 6540111.080919983
612, 2641201.7095760508, 6540186.016319579
613, 2641414.6826305757, 6540368.078470899
614, 2641474.528296628, 6540445.652236492
615, 2641448.576306065, 6540540.7046992285
616, 2641429.4050129973, 6540621.861402417
617, 2641420.9115067516, 6540668.104669654
618, 2641410.1348676244, 6540704.063508497
619, 2641376.4058041596, 6540739.003875142
620, 2641409.688500849, 6540834.371800516
621, 2640194.351149477, 6539093.309162363
622, 2640251.0968106403, 6539175.621308323
623, 2640311.757686755, 6539222.143078705
624, 2640416.921056641, 6539302.815367045
625, 2640513.156101349, 6539382.21478727
626, 2640638.1524165655, 6539428.2083455995
627, 2640696.337007241, 6539453.798745633
628, 2640734.8248399002, 6539543.204277302
629, 2640786.058266624, 6539565.09448094
630, 2639955.829861923, 6538320.197096435
631, 2639928.0248109447, 6538284.5451709395
632, 2639906.8606467266, 6538262.09311277
633, 2639889.9991199938, 6538224.750497691
634, 2639867.1128972946, 6538206.80901679
635, 2639829.9286090983, 6538205.485377439
636, 2639781.485319536, 6538157.581280701
637, 2639766.691982597, 6538118.471018166
638, 2639697.4141298966, 6537971.8258796185
639, 2639645.294714455, 6537878.424453234
640, 2567343.031475538, 6498049.0805017995
641, 2566820.4426153745, 6498160.830247096
642, 2566101.9288920453, 6498307.84183625
643, 2566502.601908534, 6498227.941957778
644, 2566103.415800375, 6498315.666780726
645, 2566129.4262102046, 6498433.460621538
646, 2566186.433034121, 6498709.762979578
647, 2565580.7336581363, 6498934.311151762
648, 2564849.150942438, 6498571.74508696
649, 2565171.091253227, 6498506.321006476
650, 2565467.7194172004, 6498440.280111585
651, 2565073.734543616, 6499777.265000659
652, 2564813.6384534296, 6498544.711006901
653, 2564740.4252543394, 6498183.256562789
654, 2564636.2890470535, 6497665.322195109
655, 2565053.3342523603, 6499811.076168471
656, 2565480.6591044283, 6498456.966403197
657, 2564411.77831964, 6499995.49831367
658, 2563775.596038863, 6500129.514867121
659, 2563751.187918419, 6500118.397941604
660, 2563643.954610453, 6499599.829919733
661, 2563511.370631653, 6499042.894760595
662, 2563494.7439160547, 6498959.779671688
663, 2563481.38792156, 6498891.218936061
664, 2563594.3293470982, 6499612.182222132
665, 2563071.2356296373, 6499737.841379036
666, 2562995.6742576007, 6499768.065918605
667, 2565027.8503548093, 6499868.050323336
668, 2565066.015401964, 6499862.206856785
669, 2565320.7724778005, 6499808.0897030635
670, 2565097.2238293625, 6499857.572872385
671, 2566226.2876665927, 6499609.940199032
672, 2565779.43777282, 6499704.477881082
673, 2566233.7259656927, 6499648.966581097
674, 2566250.360148323, 6499737.674957712
675, 2565197.0968395555, 6500502.875474971
676, 2565492.589397053, 6501907.71127476
677, 2565497.037404425, 6501924.016156832
678, 2565500.388186094, 6501922.206255411
679, 2565516.6663658493, 6501913.413775612
680, 2565528.477794343, 6501901.481504664
681, 2565692.712474486, 6501735.566543308
682, 2565811.305061773, 6501616.857206466
683, 2565929.4008285487, 6501482.218805004
684, 2565525.682080551, 6501955.723311257
685, 2564399.325099506, 6502683.411173619
686, 2564544.7853847253, 6502637.662949975
687, 2562805.3339533275, 6504391.755765041
688, 2563009.562799027, 6503741.3544774605
689, 2562781.6242861394, 6503669.470782837
690, 2562737.9658428966, 6503647.408432727
691, 2562691.6004256234, 6503618.437894519
692, 2562500.2751985253, 6503504.279983685
693, 2562687.9304884505, 6504440.839677956
694, 2562505.3885560664, 6504549.9292871
695, 2562203.9266739716, 6504614.765556716
696, 2562207.6367998784, 6504660.021101919
697, 2562182.545620998, 6504668.122976873
698, 2562190.370258276, 6504715.050650536
699, 2562952.3814220144, 6504387.150073567
700, 2565674.959800129, 6502643.776486335
701, 2565335.745981168, 6502077.4276041025
702, 2565384.42325264, 6502028.643512249
703, 2565484.525131082, 6501932.825953393
704, 2563946.6375943464, 6502788.963453575
705, 2563209.6788084814, 6502992.92566823
706, 2563042.668835335, 6503721.074406445
707, 2563032.918075829, 6503748.132339854
708, 2565040.1986232796, 6502355.610107908
709, 2565064.1513055414, 6502334.183145606
710, 2565264.858019888, 6502131.791727879
711, 2564902.01329696, 6502465.22704294
712, 2564954.6983293723, 6502424.016277542
713, 2564280.9737533703, 6502711.524638135
714, 2564150.258170457, 6502028.532999899
715, 2564008.325133717, 6501806.459893703
716, 2563868.431211184, 6501831.49352802
717, 2564042.087899195, 6501495.044335284
718, 2564100.76157683, 6501784.419054941
719, 2564005.1213880894, 6501446.395047919
720, 2563394.384430069, 6501571.579675681
721, 2563315.8020710135, 6501588.910490106
722, 2563327.811409043, 6500899.897883443
723, 2563328.3871778008, 6500879.445165814
724, 2562617.360284667, 6506473.007318623
725, 2564819.5238125217, 6505399.236650802
726, 2565059.4307056223, 6506260.636914971
727, 2564850.9915567976, 6505388.877555597
728, 2564855.376238021, 6505407.888558863
729, 2564872.7264259523, 6505385.493592095
730, 2565378.2787428163, 6505278.388779858
731, 2564808.502576514, 6505188.793643969
732, 2564846.4663216355, 6505367.519925234
733, 2564641.738046402, 6504425.165634887
734, 2564514.946436325, 6504049.187394327
735, 2564611.1104446165, 6504028.213318505
736, 2564707.1691796933, 6504007.907652336
737, 2565121.0490090027, 6503921.311917999
738, 2565853.053257415, 6503766.306427294
739, 2565907.0439673774, 6503746.759452167
740, 2565887.31306971, 6503758.854257725
741, 2566006.7423390322, 6504409.789333794
742, 2565881.6444047336, 6503809.400650337
743, 2566156.386311567, 6505131.525804299
744, 2566187.5213148454, 6505126.272900906
745, 2564448.173294322, 6504065.730001398
746, 2563600.700317568, 6505708.20397252
747, 2563609.48445995, 6506064.091028905
748, 2563583.858917004, 6506101.0841289135
749, 2563551.415773551, 6506140.236284008
750, 2563506.3426694535, 6506187.622274346
751, 2563475.2019999283, 6506215.004581169
752, 2563439.6485001286, 6506233.312936958
753, 2563551.41614777, 6506238.392836749
754, 2563541.4868158465, 6506777.393033771
755, 2566209.8563029463, 6505237.059880653
756, 2566246.6369023314, 6505114.9583837865
757, 2566860.018581432, 6504997.539041296
758, 2566863.284265642, 6505014.682830851
759, 2567002.6888961946, 6505750.35157919
760, 2566873.9750137865, 6504994.579540704
761, 2567434.5074739493, 6504877.926171576
762, 2567917.255881512, 6504778.334457925
763, 2567502.175461476, 6504864.062697371
764, 2568975.26604786, 6504569.352528084
765, 2569027.5838803365, 6504564.20623263
766, 2569099.0113839745, 6504561.539551702
767, 2569136.1903202618, 6504557.791010905
768, 2569250.115772889, 6504554.191143723
769, 2569267.5041848025, 6504530.981378841
770, 2569401.7030202993, 6504543.110055016
771, 2569471.064867699, 6504537.526646457
772, 2569598.9967036108, 6504526.666988399
773, 2569738.9540956686, 6504537.528780554
774, 2569807.0217536134, 6504586.963527309
775, 2567427.5929449033, 6504656.584893574
776, 2567185.1340495045, 6503471.297170373
777, 2566937.390142183, 6502260.965231885
778, 2567054.526608705, 6502849.12853347
779, 2566934.839541826, 6502241.713546612
780, 2566909.9510046365, 6502191.247722955
781, 2566569.133742743, 6502262.156468032
782, 2566919.325350434, 6502170.435877148
783, 2566924.2089766064, 6502188.362777325
784, 2566690.035587101, 6501072.566032169
785, 2566701.505671244, 6501125.354893359
786, 2566691.8219647026, 6501136.789191415
787, 2566705.496218841, 6501206.495209929
788, 2566661.7653968013, 6501078.226213352
789, 2566500.825681034, 6501110.448793288
790, 2566685.292713237, 6501049.081301771
791, 2566696.537279094, 6500983.158968812
792, 2566674.6528938846, 6500988.934096679
793, 2566686.2645672834, 6500738.395263344
794, 2566610.521850548, 6500827.6939839935
795, 2566630.6785392533, 6500804.016864756
796, 2566640.983626702, 6500849.948891085
797, 2566646.1802294864, 6500869.911928215
798, 2566179.7300240076, 6501230.905701242
799, 2566215.335767717, 6501195.776848071
800, 2566311.13733354, 6501107.790287689
801, 2566411.632300473, 6500996.467421211
802, 2566478.977980174, 6500927.635816617
803, 2566526.544336778, 6500897.170177367
804, 2566547.2137025073, 6500890.654604207
805, 2566075.8589678663, 6501333.838450763
806, 2566143.144787324, 6501265.055550796
807, 2566174.9181506145, 6501235.674238742
808, 2566006.1404837416, 6501404.472553115
809, 2566088.1341126314, 6501342.759087206
810, 2567142.1268333304, 6499418.6157979155
811, 2567064.2862150157, 6499434.8937799875
812, 2566381.290882521, 6499577.891303289
813, 2566820.764605732, 6499486.481783357
814, 2567047.464096412, 6499438.457558795
815, 2566393.1501361094, 6499635.05999664
816, 2566415.5648247944, 6499755.005477192
817, 2566403.954737316, 6499758.849535575
818, 2566451.231404395, 6499979.341820399
819, 2564553.7613358474, 6497277.916397456
820, 2564505.115163134, 6497276.646407786
821, 2564204.3315232447, 6497340.135520763
822, 2563511.4853106556, 6497483.613595135
823, 2563235.7084322046, 6497532.305873054
824, 2563228.035615492, 6497506.428181872
825, 2564551.363880685, 6497266.442764765
826, 2564506.165141747, 6497046.44820993
827, 2564548.8185051084, 6497252.701882813
828, 2564384.1552627557, 6496455.121157027
829, 2564294.8591062985, 6495962.227359787
830, 2564735.851659776, 6495873.490098834
831, 2564187.8752796063, 6495504.4469676465
832, 2564137.0304067577, 6495256.987238567
833, 2564039.92318892, 6494782.202127051
834, 2564024.9948019595, 6494710.684748028
835, 2563957.243416902, 6494393.426963918
836, 2563884.1021875464, 6494045.41588224
837, 2563755.249198092, 6493437.595300951
838, 2563775.997094007, 6493433.603890496
839, 2565049.712015084, 6494491.79803073
840, 2565309.162041896, 6494438.201873569
841, 2565328.4759121602, 6494434.648287607
842, 2566688.5969769047, 6495469.201767673
843, 2566857.3734907103, 6495427.339431761
844, 2566684.6346076336, 6495461.554189026
845, 2566682.9527230775, 6495452.752922612
846, 2566668.425277136, 6495473.632788953
847, 2566201.3237925726, 6495562.575874894
848, 2565611.2564234487, 6495682.589477967
849, 2565648.152624378, 6495676.116715313
850, 2565436.9287207625, 6495024.162910157
851, 2565586.4889634545, 6495687.878916502
852, 2565592.511161045, 6495715.53825772
853, 2564407.2677687085, 6496570.58527608
854, 2564450.0867889733, 6496562.829391758
855, 2565017.4252949585, 6496460.066372317
856, 2564401.0859725634, 6496539.187635892
857, 2565828.7515498567, 6496999.554385658
858, 2564563.80571432, 6497263.819952064
859, 2565875.281968636, 6496989.643389247
860, 2566467.3729084698, 6496867.1989893755
861, 2565945.1513537844, 6496974.888841175
862, 2566990.30830566, 6496760.925049917
863, 2565018.7483989242, 6493170.159170831
864, 2565135.955392791, 6493147.513701802
865, 2566070.15401889, 6492959.182269465
866, 2565657.9233286083, 6493042.262925675
867, 2566268.1559162755, 6492912.723506119
868, 2566338.958136291, 6492898.75356927
869, 2567605.489350255, 6492637.399722735
870, 2566922.7977923346, 6492783.633707209
871, 2568914.666706929, 6492353.449769749
872, 2567705.229426587, 6492616.210345465
873, 2568908.9517273065, 6492375.0396829285
874, 2569471.3704455392, 6492234.69609662
875, 2569703.1748419763, 6492183.111785473
876, 2570453.2656289507, 6492023.251256044
877, 2569721.703894676, 6492179.208573169
878, 2570455.8112958823, 6492018.702626504
879, 2570472.1885920498, 6491989.439468693
880, 2571210.8850225247, 6491864.089832546
881, 2570949.4648305955, 6491917.6825911375
882, 2572800.546306614, 6491540.478869483
883, 2571478.656927131, 6491817.67725361
884, 2565675.8809873415, 6494360.917020683
885, 2566504.179607443, 6494191.000623881
886, 2566596.2974142586, 6494169.835062226
887, 2566630.9995608265, 6494161.997844526
888, 2566826.7681423235, 6494123.653078746
889, 2567519.9720210168, 6493987.521707468
890, 2567817.9077983485, 6493927.021828319
891, 2566598.9782249634, 6494188.080661038
892, 2566586.176772651, 6494129.338035629
893, 2566483.5626410865, 6493685.639655295
894, 2567627.5416423227, 6497975.9900129
895, 2568007.420078981, 6497896.963935783
896, 2568550.2905139485, 6497783.339051104
897, 2568697.5671447273, 6497752.4045243105
898, 2568701.8222792414, 6497751.511062842
899, 2568917.7887787293, 6497705.402209887
900, 2568938.381372175, 6497700.299630951
901, 2569056.6121965125, 6497673.211480109
902, 2569053.6354173613, 6497658.479205065
903, 2569032.638784623, 6497552.284795469
904, 2569077.1647553886, 6497477.755326903
905, 2569392.142238559, 6497602.679454605
906, 2569842.7395848827, 6497517.082108742
907, 2569850.444225547, 6497515.126873568
908, 2569902.42036666, 6497503.151633109
909, 2569837.3106481093, 6497488.349272609
910, 2569303.6333970963, 6497606.8997128485
911, 2569255.663924076, 6497329.763655244
912, 2569238.0332371457, 6497227.887223781
913, 2569188.0883081695, 6496960.057912699
914, 2569255.864089161, 6497224.175946193
915, 2569290.6583780097, 6497216.934359465
916, 2569028.92061985, 6497245.998770919
917, 2568937.310003773, 6497695.508933462
918, 2568935.512862105, 6497687.477522573
919, 2568911.385524354, 6497570.556959797
920, 2568685.0457137236, 6497616.924152568
921, 2568674.6334468825, 6497738.326509656
922, 2568669.4436278413, 6497713.916207273
923, 2568582.8627168154, 6497279.278992324
924, 2568589.872005086, 6497315.535661251
925, 2568612.4032306266, 6497432.090070605
926, 2568617.425451119, 6497458.069977741
927, 2568581.355070793, 6497271.192963688
928, 2568566.9780177185, 6497282.824189191
929, 2568501.3473937986, 6497296.276264039
930, 2568291.9457265334, 6497339.193826207
931, 2568500.34578864, 6497290.868786518
932, 2568484.700000308, 6497206.407256978
933, 2568461.0408089724, 6497210.893640278
934, 2568549.7859141044, 6497128.241556085
935, 2568579.8132814486, 6497262.818413864
936, 2568577.949824329, 6497123.007851613
937, 2568694.935705403, 6497101.268436857
938, 2568660.761910482, 6496926.397482775
939, 2568464.163346956, 6496685.940462908
940, 2568607.548046827, 6497307.248344572
941, 2568635.237576522, 6497431.660735377
942, 2568735.6135632517, 6497413.54052034
943, 2568468.382675014, 6497830.171848752
944, 2568485.08132717, 6497906.612945747
945, 2568426.914572906, 6497650.860598433
946, 2568276.4939090763, 6498046.053172773
947, 2568307.920436254, 6498201.56654743
948, 2568370.423770817, 6498185.928813317
949, 2568201.317507519, 6497667.61214491
950, 2567372.5592911183, 6497999.318329228
951, 2567376.7038087873, 6498020.002360451
952, 2567645.22024731, 6497985.974691529
953, 2567671.4125741087, 6497980.096575281
954, 2567711.9431868778, 6497971.000939033
955, 2567830.2478482355, 6497948.430535857
956, 2567679.496002102, 6498017.910146345
957, 2568011.321360297, 6497910.254048403
958, 2568216.9221976325, 6497866.857004478
959, 2568332.4444745565, 6497845.412914194
960, 2568465.0409674053, 6497814.876636876
961, 2568566.055091827, 6497794.190993971
962, 2568653.555161231, 6497775.193666847
963, 2568786.8728807713, 6497746.875919344
964, 2570018.8401038754, 6497488.912126102
965, 2567714.027800035, 6498176.883816344
966, 2567744.4250279265, 6498319.399048144
967, 2567761.279325204, 6498398.71473126
968, 2567806.794557867, 6498610.556155479
969, 2567878.0766856717, 6498952.235197542
970, 2567883.5618092436, 6498982.474778134
971, 2567886.187541908, 6498994.635495089
972, 2567734.961534315, 6499200.390018002
973, 2567755.985033127, 6499186.892941412
974, 2567762.3316446715, 6499191.751672616
975, 2568065.019847284, 6498122.89988072
976, 2567917.7621468827, 6498154.119438256
977, 2568179.9200484715, 6498589.36482189
978, 2568235.543189043, 6498862.2676854255
979, 2568166.02519991, 6498516.933989675
980, 2568269.7988793193, 6498854.794999969
981, 2568585.6396967117, 6497893.799803958
982, 2568608.6584764956, 6498001.163503373
983, 2568612.2978616366, 6498017.560536523
984, 2568628.423565799, 6498097.174026055
985, 2568635.4927991903, 6498132.008856137
986, 2568659.5079758093, 6498244.220743316
987, 2568664.3089724514, 6498267.017844242
988, 2568805.0431624805, 6498389.330905351
989, 2568807.3577649277, 6498400.833070472
990, 2568846.0909096906, 6498590.110408517
991, 2568826.142119813, 6498593.825179313
992, 2568569.173701102, 6498640.542066944
993, 2568850.6130733155, 6498613.393899913
994, 2568875.752649786, 6498738.737205514
995, 2568857.6628559064, 6498732.424892042
996, 2568931.5683782767, 6499008.097172623
997, 2568834.2843328305, 6497990.839276322
998, 2568840.7658997015, 6498026.64534411
999, 2568859.510047774, 6498022.62213371
1000, 2569007.0986555982, 6497987.88025506
1001, 2569004.247072865, 6497965.695247577
1002, 2568997.1042905194, 6497910.1349203065
1003, 2569066.570682371, 6497895.686317347
1004, 2569032.2529530143, 6497986.793292739
1005, 2569073.804248665, 6497979.537565574
1006, 2569036.701055391, 6498009.1978635425
1007, 2569063.480430833, 6498144.094979619
1008, 2569382.028406838, 6497604.819624126
1009, 2569396.992252306, 6497729.549174225
1010, 2569386.5747864274, 6497641.108607908
1011, 2567518.0229160152, 6498735.494176188
1012, 2567524.499050856, 6498733.855481315
1013, 2567545.7835865724, 6498729.59776456
1014, 2567563.137319675, 6498938.946132524
1015, 2567621.225378166, 6499223.612039825
1016, 2567557.523306005, 6498940.937780539
1017, 2567545.015291443, 6498984.3940886855
1018, 2567251.952715322, 6499045.703933328
1019, 2567497.456467583, 6498994.284651209
1020, 2567481.665655157, 6498921.2334155245
1021, 2567531.40318963, 6499130.179601877
1022, 2567523.754491164, 6499124.1733869165
1023, 2567637.7208260493, 6499308.176921483
1024, 2567600.9842066206, 6499252.50808541
1025, 2567551.10559719, 6499262.87123049
1026, 2567409.117774615, 6499268.570368307
1027, 2567427.2450028663, 6499353.825368966
1028, 2567414.3300802894, 6499291.288081339
1029, 2567604.8519342477, 6499349.052939998
1030, 2567675.398317225, 6499345.395180932
1031, 2567697.0588616, 6499450.419729302
1032, 2567695.7359369546, 6499326.462677526
1033, 2567552.43526822, 6499434.068762764
1034, 2567520.2787724184, 6499480.101939448
1035, 2567700.62933737, 6499463.786115704
1036, 2567731.661018128, 6499605.281099713
1037, 2567741.593836473, 6499650.112829657
1038, 2567453.3420000575, 6499665.793223514
1039, 2567713.9742393456, 6499656.001416948
1040, 2567590.0679390235, 6499683.3374675
1041, 2567592.350784554, 6499697.308066932
1042, 2567281.9397459966, 6499843.998078409
1043, 2567277.714445933, 6499841.111387299
1044, 2567254.689629592, 6499887.206232366
1045, 2567201.7141095824, 6499971.203632424
1046, 2567188.582151419, 6499992.025366645
1047, 2567163.016945659, 6500031.165876083
1048, 2566877.4882197063, 6500463.847011747
1049, 2568258.609459734, 6500549.380844971
1050, 2567906.7027571495, 6500659.490441542
1051, 2568074.847802313, 6501405.577192173
1052, 2568141.24960051, 6501677.502116674
1053, 2568198.746705043, 6501912.961038593
1054, 2568401.1717742095, 6502894.347908723
1055, 2568236.3950540004, 6501904.922044814
1056, 2568667.412070641, 6501812.879582853
1057, 2568135.6731869075, 6499235.723906887
1058, 2567957.6085217474, 6499269.199118302
1059, 2568290.459428316, 6499163.146529689
1060, 2568277.6485410947, 6499166.071042809
1061, 2568323.1410047566, 6499198.511528125
1062, 2568328.7536998405, 6499191.772212098
1063, 2568318.075314112, 6499210.526234424
1064, 2568361.7969252663, 6499405.849175789
1065, 2568595.0772079583, 6500454.702756457
1066, 2568175.032378747, 6501918.081975532
1067, 2567603.9801234645, 6502041.383701539
1068, 2568598.606692779, 6500476.171611075
1069, 2568414.7003684775, 6499174.617569618
1070, 2568427.9349216777, 6499171.975710305
1071, 2568858.765981824, 6499082.621096395
1072, 2568857.7975979648, 6499076.9848264605
1073, 2568853.4583863015, 6499051.7413011035
1074, 2568940.8953060647, 6499063.445443686
1075, 2568957.1755559454, 6499050.154234034
1076, 2568941.67857518, 6499068.94858185
1077, 2568945.0995688033, 6499086.594197358
1078, 2568661.126318244, 6499937.8476974545
1079, 2569463.046165188, 6500286.91534793
1080, 2570588.855734337, 6500050.689389417
1081, 2570955.9963697274, 6499973.098825188
1082, 2570787.302841203, 6498517.386724605
1083, 2571200.3026263486, 6503182.633355879
1084, 2570785.3061279757, 6501377.467211471
1085, 2570875.5551703777, 6501797.240368758
1086, 2571243.752238615, 6501268.750440384
1087, 2571357.036840193, 6501244.139824938
1088, 2571349.892983738, 6501212.115564248
1089, 2571273.6523093274, 6500883.484478391
1090, 2570332.933383896, 6497422.8976933155
1091, 2570385.4473655345, 6497413.13908717
1092, 2571238.243944982, 6497229.912502461
1093, 2571272.3496079925, 6497222.848402116
1094, 2595562.530761025, 6488572.221603411
1095, 2595650.5719596557, 6488603.53165912
1096, 2595724.2596249026, 6488634.299331903
1097, 2595822.2466082727, 6488663.486480372
1098, 2595898.1479802765, 6488680.131621594
1099, 2595962.0347219543, 6488670.565794317
1100, 2596113.832616139, 6488624.475361238
1101, 2596180.1629887344, 6488592.853519274
1102, 2596408.8664943697, 6488505.204136567
1103, 2596540.7865901957, 6488433.519851202
1104, 2596564.845771623, 6488489.498949603
1105, 2596776.350990366, 6488388.13716831
1106, 2596940.9505289984, 6488345.482249448
1107, 2597086.406555545, 6488319.207588718
1108, 2597255.9738783697, 6488290.019337598
1109, 2597428.127729925, 6488271.944660295
1110, 2597600.164696238, 6488244.522252182
1111, 2597812.6262323963, 6488200.89481239
1112, 2598013.0249307547, 6488082.620344756
1113, 2598198.994168712, 6487962.549234127
1114, 2598275.9513341505, 6487906.452543162
1115, 2598390.5672107926, 6487827.224601788
1116, 2598511.594105761, 6487767.640942869
1117, 2598690.6601533596, 6487736.116632082
1118, 2598816.3652176945, 6487664.8834079495
1119, 2598945.145715382, 6487524.13549565
1120, 2599071.9314648504, 6487412.036647958
1121, 2599153.7068964005, 6487339.734067652
1122, 2599226.000996655, 6487296.95607017
1123, 2599326.008331471, 6487251.392135718
1124, 2599442.7733702217, 6487260.158987733
1125, 2599603.4725285396, 6487274.618093565
1126, 2599830.14725283, 6487307.997625217
1127, 2600163.1072370745, 6487349.123353562
1128, 2600296.5287490385, 6487376.756720068
1129, 2600480.107028089, 6487391.352685409
1130, 2600634.673643027, 6487374.721461271
1131, 2600820.801177716, 6487355.58670444
1132, 2600957.6956227496, 6487338.647375353
1133, 2601174.017914154, 6487347.239834041
1134, 2601241.3308307417, 6487364.665925084
1135, 2601311.645305122, 6487361.013813308
1136, 2601437.3121460997, 6487321.67460432
1137, 2601578.3094142494, 6487280.931898298
1138, 2601737.0499081286, 6487246.587867865
1139, 2601873.4786815634, 6487226.421711977
1140, 2601975.8857471016, 6487188.04816843
1141, 2602153.02083032, 6487114.6910964595
1142, 2602242.2584807235, 6487084.27256909
1143, 2602364.844158633, 6487037.347721413
1144, 2602793.432158351, 6486878.377801023
1145, 2603110.1888346355, 6486758.74819862
1146, 2603366.46194568, 6486673.154985937
1147, 2603462.8859284325, 6486655.672097523
1148, 2603888.2879127227, 6486636.397584768
1149, 2604205.9954920276, 6486629.030762345
1150, 2604717.75465714, 6486610.297790835
1151, 2604847.161664259, 6486605.244343281
1152, 2605280.4277382023, 6486739.595515285
1153, 2605579.7251403434, 6486816.35574999
1154, 2606051.0116247907, 6486985.391574435
1155, 2606180.5896394625, 6487104.63270613
1156, 2606301.8771542897, 6487138.439462291
1157, 2606367.6468199524, 6487123.4354253085
1158, 2606432.543976563, 6487095.9473527605
1159, 2606484.130623812, 6487092.374673081
1160, 2596112.710899007, 6488617.971467005
1161, 2596106.301923904, 6488585.859518234
1162, 2596094.4354106057, 6488569.210979517
1163, 2596051.1399656697, 6488521.882534126
1164, 2596072.7147697047, 6488494.160225736
1165, 2596328.2442665356, 6488087.177436299
1166, 2596347.860092817, 6488017.049238035
1167, 2596392.4245871175, 6487775.382280338
1168, 2596411.1223224225, 6487587.587088834
1169, 2596451.9187946813, 6487407.491967874
1170, 2596434.2143619303, 6486785.0889425315
1171, 2596423.2683250923, 6486293.621181425
1172, 2596390.2737142094, 6486000.603746499
1173, 2596252.97070563, 6485709.168843264
1174, 2596182.2459127153, 6485441.314928067
1175, 2596108.671041538, 6485217.278774607
1176, 2596015.101506123, 6484911.243689339
1177, 2596001.482158782, 6484760.279940624
1178, 2595981.1004034784, 6484581.133563876
1179, 2595932.9326516036, 6484398.37021748
1180, 2595872.002371024, 6484300.55931863
1181, 2595772.483783416, 6484179.622785036
1182, 2595721.7515713987, 6484071.574537149
1183, 2595642.5379649005, 6484033.352468564
1184, 2595560.078948525, 6483972.113860705
1185, 2595489.4172311802, 6483961.909049052
1186, 2607321.8722968255, 6487970.6085894145
1187, 2607419.2854708727, 6488073.178559409
1188, 2608669.4925594595, 6489387.605705578
1189, 2610729.1665901695, 6491547.659730193
1190, 2612065.8991037807, 6492947.618176817
1191, 2612338.3686761563, 6493236.303547314
1192, 2616365.7170694773, 6497462.470717548
1193, 2616441.261292671, 6497399.569654298
1194, 2621261.256031011, 6502462.025662965
1195, 2621480.1288635368, 6502644.761907773
1196, 2621433.79317216, 6502728.016435833
1197, 2622283.1931522107, 6503179.015246697
1198, 2623133.567848091, 6503640.764777638
1199, 2623818.007604906, 6504009.998825309
1200, 2625233.062520394, 6503679.915982006
1201, 2625305.4785884265, 6503659.9078376405
1202, 2625637.168746463, 6503568.666182267
1203, 2627052.9438722352, 6503122.995783439
1204, 2627265.8411529963, 6503062.008778462
1205, 2627360.8510598755, 6503020.394466512
1206, 2627582.7393621923, 6502870.3199133035
1207, 2627600.3388513783, 6502855.84610571
1208, 2627654.818129976, 6502846.709212531
1209, 2627698.017624072, 6502850.936796677
1210, 2625355.4643902495, 6503690.668640829
1211, 2625618.709510722, 6503852.664204203
1212, 2625798.695094406, 6503963.418414854
1213, 2625986.7347896276, 6504069.293111112
1214, 2626160.69546921, 6504161.557245165
1215, 2626432.5541604264, 6504305.7365705315
1216, 2626529.037053453, 6504356.904201601
1217, 2627659.8402171573, 6503048.750363455
1218, 2627535.439708288, 6503679.441078277
1219, 2627495.435557909, 6503868.248113624
1220, 2627486.225467013, 6503921.440334744
1221, 2627475.0944762127, 6503988.45080725
1222, 2627489.9187764833, 6504102.958766271
1223, 2627522.8028001487, 6504257.117737444
1224, 2627535.466736261, 6504315.584821742
1225, 2627531.1278582364, 6504391.330096584
1226, 2627521.9936922765, 6504416.123436717
1227, 2627497.1475350726, 6504473.922789669
1228, 2627445.6734671113, 6504561.854144799
1229, 2627379.0303145507, 6504684.526056468
1230, 2627344.949158242, 6504753.300911608
1231, 2627338.358187991, 6504767.282797529
1232, 2627325.3810415426, 6504786.96664435
1233, 2627353.3926879363, 6504800.9152741255
1234, 2627479.421625215, 6504865.655125334
1235, 2627486.883734402, 6504877.958641904
1236, 2627545.0419965517, 6504906.211200457
1237, 2627510.769979513, 6504993.245739873
1238, 2627425.9463097067, 6505153.26124863
1239, 2628127.680376905, 6502941.4067741595
1240, 2629136.8002299047, 6503138.561330048
1241, 2639874.480187714, 6506164.659597601
1242, 2640723.534758493, 6506424.323155912
1243, 2653003.8880919097, 6512350.780971983
1244, 2653080.818433555, 6512366.640465988
1245, 2653223.5226982073, 6512490.800389591
1246, 2653534.0202267272, 6512664.7728341
1247, 2653682.3876402862, 6512750.490332322
1248, 2653940.8434100384, 6512855.224975353
1249, 2654490.2986232266, 6513289.223171177
1250, 2654589.234293792, 6513426.512405545
1251, 2655558.035691992, 6514142.304195929
1252, 2656167.9653032054, 6514714.981614767
1253, 2656321.9091859246, 6514914.423829037
1254, 2656359.7718382543, 6515048.067035237
1255, 2656550.5236648745, 6515388.803309232
1256, 2656563.8935884126, 6516305.097727208
1257, 2656601.5872746226, 6516854.052999086
1258, 2656561.3995846505, 6516880.270925463
1259, 2656638.1170075196, 6516995.43419557
1260, 2656694.37782692, 6517109.235318154
1261, 2656712.7374886842, 6517254.503945721
1262, 2656725.145522356, 6517352.680363749
1263, 2656708.736929401, 6517428.0728172595
1264, 2656670.8629417075, 6517602.08942399
1265, 2656605.4079623227, 6517711.227395699
1266, 2656572.3909432595, 6517770.136965989
1267, 2656594.0964299655, 6517780.98215468
1268, 2656555.833111285, 6517948.327770936
1269, 2656577.1592981503, 6518063.567142082
1270, 2656444.34000659, 6518566.924373238
BusMT_1270, 2656444.34000659, 6518566.924373238
1271, 2571725.4886197313, 6492735.448712023
1272, 2571783.090504908, 6493049.83188652
1273, 2572406.7332390826, 6492926.290429336
1274, 2571528.2182040582, 6498541.852470952
1275, 2571532.9432926937, 6498563.939610345
1276, 2564279.849701357, 6495938.404610644
1277, 2571010.3852526364, 6495922.987695527
1278, 2570989.4896718753, 6495927.810706668
1279, 2571005.989425406, 6495924.002058398
1280, 2566664.9106336613, 6497829.150913749
1281, 2570983.8663205146, 6495899.015853617
1282, 2571044.5633382634, 6496232.36863684
1283, 2571089.046341704, 6496454.387214868
1284, 2568971.3324458697, 6496478.760472972
1285, 2568987.5415219665, 6496556.848763768
1286, 2569017.4542427314, 6496693.738782899
1287, 2568951.3318099584, 6496707.432115425
1288, 2573231.89395231, 6494096.737730325
1289, 2572509.287799298, 6494255.6727536265
1290, 2567102.172376551, 6500119.245997473
1291, 2567100.224856779, 6500117.845144796
1292, 2567089.7932977215, 6500110.341715237
1293, 2563437.439610797, 6505672.533568811
1294, 2563601.1797261727, 6505642.300838245
1295, 2567273.5958797685, 6499838.297615934
1296, 2567271.6835261704, 6499840.59608324
1297, 2568295.4593877033, 6499156.204832112
1298, 2568297.5375468675, 6499161.530968628
1299, 2568308.0129477405, 6499193.198049053
1300, 2568317.028374085, 6499205.850799523
1301, 2567605.0952581097, 6497994.291148729
1302, 2568338.3335588854, 6497827.894426817
1303, 2568029.088098996, 6497874.396542735
1304, 2568014.761025795, 6497805.9590016
1305, 2567822.2688552705, 6497908.644964489
1306, 2567533.72856748, 6497810.584490439
1307, 2661388.6534539904, 6516382.920988749
1308, 2661413.1819693684, 6516295.378871144
1309, 2661429.177791209, 6516237.751262043
1310, 2661456.6620609486, 6516138.56047844
1311, 2661559.3831290584, 6515905.59180236
1312, 2565889.627675177, 6503686.093271221
1313, 2565876.209221955, 6503621.6170214135
1314, 2567692.519572792, 6499327.166321937
1315, 2567612.4092486547, 6499348.213859472
1316, 2568135.745939195, 6499233.418309809
1317, 2568136.767322913, 6499200.866273543
1318, 2571640.719531667, 6495778.719260737
1319, 2571652.733231268, 6495776.068635396
1320, 2639602.645645023, 6537827.583330628
1321, 2639517.7710751863, 6537738.301535176
1322, 2639241.1225162367, 6537576.616654497
1323, 2639014.8009364232, 6537430.541370048
1324, 2638797.579202091, 6537316.624087131
1325, 2638400.1640959643, 6537209.746132836
1326, 2638076.410755503, 6537127.496582268
1327, 2637983.7117901547, 6537110.196885564
1328, 2637750.1174774272, 6537126.23275429
1329, 2637458.8271622667, 6536998.627822717
1330, 2637099.0405151565, 6536941.446579163
1331, 2636565.748806684, 6536862.545755438
1332, 2635918.4301823783, 6536707.136426665
1333, 2635759.4658436496, 6536646.861788114
1334, 2635466.3812847477, 6536502.0284164585
1335, 2635327.507007477, 6536433.17732223
1336, 2634883.7147840476, 6536223.941418217
1337, 2633785.4193680203, 6535914.480786189
1338, 2570830.746032926, 6501355.068262974
1339, 2567960.420768275, 6493898.708983089
1340, 2567915.6548731946, 6493910.422683978
1341, 2567922.676458004, 6493946.302637591
1342, 2569428.775362683, 6497904.682475109
1343, 2569433.076710842, 6497937.203776639
1344, 2569444.4090336245, 6497975.278166333
1345, 2569413.4154703245, 6497999.466750412
1346, 2574099.641070384, 6496633.087180982
1347, 2574104.937550947, 6496632.019425773
1348, 2566556.4824555423, 6500519.317417707
1349, 2566560.394013615, 6500518.6787659405
1350, 2566564.5512678623, 6500517.999998624
1351, 2565716.897216943, 6496356.821389067
1352, 2567728.224533158, 6497322.651552237
1353, 2567703.454984, 6497327.14078764
1354, 2565017.834317874, 6501487.431938567
1355, 2565034.788549488, 6501483.719290505
1356, 2565361.496567223, 6501416.472267177
1357, 2565438.965565953, 6501661.485335591
1358, 2565419.899492696, 6501665.628030988
1359, 2565377.7689682483, 6501673.463683011
1360, 2574150.8287005797, 6497878.778871587
1361, 2574170.186870862, 6497434.3472601045
1362, 2564950.281591557, 6499212.319510165
1363, 2564821.0133377505, 6498578.391369708
1364, 2564285.3270996, 6495964.179129991
1365, 2567339.630111303, 6498030.3709099395
1366, 2567337.8023389145, 6498021.02196445
1367, 2567344.2440478615, 6497994.359800937
1368, 2567358.030045308, 6497991.382232034
1369, 2567343.8684479296, 6497992.6905349335
1370, 2567370.118698882, 6497987.139963285
1371, 2567369.9629201014, 6497986.651389123
1372, 2567341.8675951296, 6497980.541678574
1373, 2567330.874236826, 6497983.18468575
1374, 2570583.9813482584, 6498709.811931185
1375, 2570261.5882581454, 6498777.134220163
1376, 2574494.020747595, 6495138.963508562
1377, 2574811.4260548777, 6495067.669109024
1378, 2574693.886890386, 6494429.618861016
1379, 2565991.614150564, 6497669.195988389
1380, 2566312.784728725, 6497602.422838314
1381, 2566598.8237938248, 6497543.900016639
1382, 2569098.2722637076, 6499834.443492444
1383, 2569100.959500169, 6499847.579043533
1384, 2569126.9074036293, 6499974.082654792
1385, 2569132.7373495116, 6499999.842323596
1386, 2569187.59181243, 6500346.137510293
1387, 2569203.532508572, 6500342.608091365
1388, 2569232.8246843265, 6500336.314287709
1389, 2569208.776142443, 6500359.6183428755
1390, 2569558.650623045, 6501622.774511795
1391, 2568894.681147499, 6498735.04757603
1392, 2569268.839618165, 6498640.873390749
1393, 2569261.695308802, 6498604.09133981
1394, 2569257.451600578, 6498582.160344761
1395, 2569333.2549871965, 6498944.29000741
1396, 2569312.0370514877, 6498844.084500536
1397, 2569029.2932059704, 6499035.109848816
1398, 2569550.675243011, 6498927.307306298
1399, 2569248.35335152, 6500532.589158167
1400, 2569510.7385667046, 6501635.942807457
1401, 2570471.0503199333, 6500046.706750632
1402, 2570361.967728762, 6499493.885491617
1403, 2569728.184615226, 6500233.214649617
1404, 2570226.3477902086, 6500126.429126065
1405, 2565590.2949880417, 6497735.457380646
1406, 2565463.7647745535, 6497762.586867484
1407, 2567333.4193132184, 6497994.484687742
1408, 2567343.78870186, 6497992.261785137
1409, 2567391.6997659355, 6497982.045656131
1410, 2567400.215941797, 6498024.132657046
1411, 2567404.2959790877, 6498023.268593797
1412, 2569121.4463112843, 6497659.170903312
1413, 2569307.175209275, 6497620.658850324
1414, 2563236.3372311564, 6502948.591719511
1415, 2563275.936742035, 6502940.135357235
1416, 2563703.86244674, 6502833.012638209
1417, 2565029.424017822, 6501543.815788611
1418, 2565092.0505930814, 6501852.991123218
1419, 2564878.518395349, 6501909.605292415
1420, 2565094.19140805, 6501863.252397011
1421, 2565341.475763436, 6501179.614188723
1422, 2565388.3835703507, 6501411.171574441
1423, 2565074.701224397, 6499914.9016478155
1424, 2565084.933296377, 6499956.130896308
1425, 2565871.369149944, 6503762.321088295
1426, 2565862.331561933, 6503707.310462475
1427, 2565703.6857418413, 6502936.972944186
1428, 2565732.334808432, 6502930.270612497
1429, 2567633.780711867, 6492631.389165003
1430, 2568123.1512439325, 6495178.675284088
1431, 2568756.2662376487, 6495052.34578123
1432, 2569540.772583831, 6495364.242276612
1433, 2569806.1427427563, 6494837.521398807
1434, 2570094.27183735, 6494773.724684623
1435, 2570335.731309205, 6496080.487019782
1436, 2570334.550128396, 6496073.988420368
1437, 2566280.642452009, 6497458.856156283
1438, 2566566.334365059, 6497350.810074516
1439, 2567275.133237302, 6497481.573088125
1440, 2567290.0460698274, 6497478.48619651
1441, 2570817.4703010824, 6498661.054473544
1442, 2570811.9624729822, 6498633.588434275
1443, 2566667.574744666, 6500865.83233341
1444, 2567899.560749159, 6500627.603196004
1445, 2567938.045884159, 6500618.832131546
1446, 2568734.2522725346, 6500446.221606457
1447, 2569050.353136223, 6504157.664436935
1448, 2569086.882283237, 6504066.138943017
1449, 2569235.707467644, 6503810.382670694
1450, 2569422.925556086, 6503508.064684559
1451, 2569540.1929399134, 6503381.408155105
1452, 2569753.489182345, 6503246.188948092
1453, 2569832.3337084153, 6503200.516615923
1454, 2569790.3602380194, 6502940.055594183
1455, 2568726.0989327584, 6499108.47166911
1456, 2568710.315766672, 6499032.639330141
1457, 2627723.9505597134, 6502859.385493117
1458, 2627749.8423456284, 6502867.820783381
1459, 2627321.053258839, 6505100.431541613
1460, 2627188.784851472, 6505029.364901901
1461, 2627158.2109408295, 6505031.356251628
1462, 2627041.478107155, 6504968.531978694
1463, 2626881.152660551, 6504887.838790527
1464, 2626935.4268426695, 6504782.216786084
1465, 2656498.210702409, 6518141.891782775
1466, 2656480.2488606945, 6518138.808632844
1467, 2656418.84486193, 6518237.90859474
1468, 2656361.6574415234, 6518337.180711245
1469, 2656352.6372605655, 6518341.704805175
1470, 2656329.9942864, 6518351.730205433
1471, 2656299.703369431, 6518421.707440525
1472, 2656280.3708840352, 6518474.8115826
1473, 2656315.2859017323, 6518492.694625448
1474, 2656340.110535153, 6518509.56995979
1475, 2656397.290539582, 6518535.314391397
1476, 2656407.410989832, 6518541.099517634
1477, 2567583.105656446, 6497999.423663083
1478, 2567568.499125404, 6497977.61301825
1479, 2567949.5907384465, 6500616.200968602
1480, 2568053.3559440067, 6497991.233141673
1481, 2568079.969923299, 6498119.730440248
1482, 2571837.1771598165, 6503056.1017856905
1483, 2571915.9453547252, 6503423.040265192
1484, 2567212.0777747496, 6499403.377330093
1485, 2567428.3565281243, 6499359.20808289
1486, 2568379.6395725138, 6499486.7869343925
1487, 2569088.0239955545, 6499850.23395209
1488, 2567377.6304455623, 6498024.6269184295
1489, 2567379.7427241853, 6498045.216966523
1490, 2567410.592416192, 6498036.232978179
1491, 2567430.784160133, 6498031.558474112
1492, 2569903.4145864975, 6497508.449687125
1493, 2569904.540007735, 6497514.446894468
1494, 2574724.2765008365, 6496486.990193648
1495, 2574666.290549168, 6496173.277591284
1496, 2566174.6624576775, 6501207.837872368
1497, 2566158.8869272554, 6501136.02682689
1498, 2568008.9081447367, 6497902.030828643
1499, 2568010.41343825, 6497907.159739992
1500, 2567372.7164625293, 6498025.600525066
1501, 2567365.6145271636, 6498027.00763064
1502, 2568989.955847064, 6497059.231703449
1503, 2568976.4449005136, 6497062.587890578
1504, 2567119.433478413, 6496731.396007561
1505, 2567183.153646302, 6497046.738397932
1506, 2566609.2641748926, 6497541.749697143
1507, 2566610.7213390153, 6497541.44437137
1508, 2568642.8133454802, 6497586.11065515
1509, 2568650.332511917, 6497624.03512518
1510, 2567743.3806462134, 6499658.241943503
1511, 2567732.666108152, 6499682.106385488
1512, 2567776.4338689162, 6499890.198594575
1513, 2567804.9070057357, 6499884.414200816
1514, 2565740.4672920206, 6499704.9719967805
1515, 2565742.4885130515, 6499714.741583649
1516, 2595547.083557443, 6488058.819064799
1517, 2595838.891849681, 6488135.649937834
1518, 2595835.0499077993, 6488109.82518719
1519, 2568857.5169615066, 6498648.998955971
1520, 2568873.106057379, 6498729.395772524
1521, 2568901.74215249, 6498639.1759598395
1522, 2569019.933061114, 6498612.803073461
1523, 2568984.5192409805, 6498429.302357083
1524, 2569215.215343644, 6498383.47924444
1525, 2569480.132926821, 6498329.425655133
1526, 2569486.7814162904, 6498358.7634173045
1527, 2565653.671604706, 6502558.225236853
1528, 2565636.1468174155, 6502475.73497869
1529, 2565752.2630348043, 6499760.353264727
1530, 2565827.5949803223, 6500111.881120601
1531, 2567849.6792041133, 6499040.470490724
1532, 2567838.904623048, 6499041.735644062
1533, 2567749.0654193023, 6499181.596580402
1534, 2570515.638110756, 6493292.921488515
1535, 2570843.21094274, 6493229.596849421
1536, 2571944.3171308595, 6497083.646333483
1537, 2571801.920634287, 6497040.51889809
1538, 2571781.557197134, 6496916.407174289
1539, 2570340.685363992, 6497458.485559951
1540, 2570363.460940656, 6497563.043901789
1541, 2661789.734783788, 6515629.870674282
1542, 2665530.81126097, 6516627.008459536
1543, 2661721.840619807, 6515519.812228506
1544, 2661870.3581067217, 6515142.723036128
1545, 2661991.3637373475, 6514817.271446224
1546, 2662728.816910777, 6514319.342638713
1547, 2664033.2451485144, 6513101.048905124
1548, 2664625.3015131266, 6513065.788823356
1549, 2665062.0908526457, 6512727.318297894
1550, 2665549.6621992025, 6512063.519794712
1551, 2665786.3567869435, 6511745.6252824925
1552, 2666680.557467084, 6510764.31746001
1553, 2667086.4736861936, 6510609.42275992
1554, 2667377.6922656917, 6510309.57806754
1555, 2667582.664850658, 6510046.0391537445
1556, 2667794.330101738, 6509448.433148568
1557, 2668203.3474083184, 6508885.911496827
1558, 2668835.6362666134, 6508345.86899674
1559, 2669366.139425453, 6507946.732057653
1560, 2669987.1352354735, 6507484.657001549
1561, 2670520.37305555, 6507093.04361104
1562, 2670961.123619014, 6506618.235361167
1563, 2671344.329631848, 6506228.586445644
1564, 2671871.5594705376, 6505823.020605163
1565, 2673147.7444137493, 6505647.079733388
1566, 2673730.9028085265, 6505193.412437392
1567, 2673812.34533547, 6505053.716436892
1568, 2661704.3490502234, 6515561.348572746
1569, 2568712.975858151, 6497288.2100326335
1570, 2568883.2221607063, 6497254.052568354
1571, 2568445.2751424015, 6499907.1215836285
1572, 2592035.3450331036, 6487538.265913378
1573, 2592065.550000423, 6487562.972805237
1574, 2592109.604367329, 6487603.18956292
1575, 2592146.509501456, 6487642.057960079
1576, 2592229.0055157375, 6487730.692064404
1577, 2592329.7718513953, 6487834.439215829
1578, 2592412.231826606, 6487917.264811569
1579, 2592439.7351853494, 6487949.509654641
1580, 2592494.0278855753, 6487978.821115183
1581, 2592540.9727270664, 6487997.696068168
1582, 2592593.262989631, 6488023.53697471
1583, 2592669.9157529534, 6488073.997299847
1584, 2592748.4433454517, 6488173.694216022
1585, 2592789.798856411, 6488225.905500817
1586, 2592857.6996182944, 6488302.799105546
1587, 2592888.404948453, 6488337.571079461
1588, 2592915.95733545, 6488369.9490597565
1589, 2592956.2750802333, 6488414.819922646
1590, 2593025.749658043, 6488487.028608107
1591, 2593066.642228459, 6488505.987933557
1592, 2593085.6202420034, 6488514.786850615
1593, 2593145.658863073, 6488508.485192645
1594, 2593189.8905812036, 6488495.9891149625
1595, 2593267.437468026, 6488483.439716217
1596, 2593388.1265997486, 6488450.825299574
1597, 2593518.6796047417, 6488439.830089651
1598, 2593657.5080268374, 6488430.779995283
1599, 2593720.665314956, 6488437.288824132
1600, 2593780.505407087, 6488449.867189099
1601, 2593860.029817502, 6488460.845685332
1602, 2593942.28712024, 6488466.87054084
1603, 2593992.123164853, 6488449.0134257255
1604, 2594071.321865843, 6488410.809477714
1605, 2594090.6798860068, 6488401.091651278
1606, 2594217.0760496976, 6488317.343293804
1607, 2594292.602775076, 6488273.440678461
1608, 2594358.23039693, 6488251.548591575
1609, 2594474.8914492615, 6488235.868737942
1610, 2594626.778880216, 6488225.9085513335
1611, 2594793.6219027666, 6488221.173792224
1612, 2594873.641462704, 6488221.45449568
1613, 2594946.2887239773, 6488221.103851855
1614, 2595004.3243122427, 6488230.258799822
1615, 2595058.929107883, 6488245.358180877
1616, 2595138.2026353315, 6488285.917539168
1617, 2595235.0880306815, 6488355.960526325
1618, 2595322.8866056316, 6488415.496816852
1619, 2568549.732856428, 6500309.727450444
1620, 2568580.1376129156, 6500446.443039575
1621, 2568512.738725379, 6500143.382890054
1622, 2568496.045760511, 6500147.217161157
1623, 2568476.814031192, 6499982.234130256
1624, 2568464.4524996164, 6499984.937360081
1625, 2568527.143763799, 6500314.774076226
1626, 2568148.602645248, 6500400.81733236
1627, 2567917.766265279, 6500452.513813842
1628, 2567892.052183793, 6500479.497539434
1629, 2567893.8246906563, 6500604.739409637
1630, 2568356.4132034276, 6500352.916964993
1631, 2568364.0646489523, 6499490.27996419
1632, 2568190.368919283, 6499529.235571354
1633, 2568032.957762008, 6497891.651761968
1634, 2568237.5909978296, 6497849.085262544
1635, 2568598.372110479, 6498785.137652433
1636, 2568330.5560953314, 6498841.540968533
1637, 2568085.391693007, 6498146.296777917
1638, 2568101.824035681, 6498226.8142450275
1639, 2568193.3752234173, 6498656.180529268
1640, 2568197.871693031, 6498678.509092285
1641, 2568452.873013234, 6499817.052995404
1642, 2568447.244452641, 6499849.805740747
1643, 2568519.794756389, 6500175.110419346
1644, 2568459.3170524235, 6499903.873493607
1645, 2565968.7300146604, 6497657.531163882
1646, 2565965.2157964525, 6497654.958411592
1647, 2566036.0758255534, 6497988.013822788
1648, 2566062.1315227984, 6498009.642781257
1649, 2565876.014321066, 6498047.127269642
1650, 2565460.12170094, 6498131.8388386695
1651, 2565442.609585382, 6498039.887629886
1652, 2565861.386786837, 6497978.756897882
1653, 2565840.992956361, 6496996.611693695
1654, 2565858.4989148816, 6497013.455453686
1655, 2565817.298918967, 6498059.064974985
1656, 2565586.373984632, 6498106.115287391
1657, 2567412.0686830254, 6499643.152802827
1658, 2567490.0626164633, 6499525.631615508
1659, 2567434.655310303, 6499496.652708821
1660, 2567427.4621148095, 6499467.999813437
1661, 2567603.756616293, 6499321.529630539
1662, 2567489.60852057, 6499346.050277196
1663, 2567487.405410591, 6499383.599652978
1664, 2562124.821691015, 6506238.667238471
1665, 2561531.9545804868, 6505789.992538538
1666, 2561334.0366372196, 6505632.307150001
1667, 2561212.113171025, 6505599.092845619
1668, 2562817.5736723323, 6504412.785764158
1669, 2562804.8693468194, 6504444.0380543005
1670, 2562725.457886865, 6504677.837117412
1671, 2562721.956262092, 6504681.5760628
1672, 2561196.3161059753, 6505694.184172574
1673, 2562796.7331831977, 6504417.477071618
1674, 2562823.4023177726, 6504411.473704366
1675, 2573028.4183370583, 6492767.503437636
1676, 2569013.0738936737, 6492867.900969997
1677, 2569095.8350879475, 6493254.4405026445
1678, 2568262.939645542, 6499949.298332163
1679, 2568453.4215723686, 6499987.349612264
1680, 2568272.6000176407, 6500198.541270558
1681, 2661525.998351445, 6517383.018512048
1682, 2661603.0308871837, 6517361.185950613
1683, 2661701.4634284927, 6517345.227255885
1684, 2567442.016892977, 6504727.158851905
1685, 2567455.520853739, 6504793.231466647
1686, 2572767.0243078414, 6498189.3344597
1687, 2572592.8132924577, 6497221.421390117
1688, 2571738.5826792354, 6501162.773314314
1689, 2571811.4505852936, 6501146.36406516
1690, 2572059.9315674542, 6501091.13148202
1691, 2571993.710878596, 6500779.433469639
1692, 2568163.8117528353, 6498505.3965526065
1693, 2567457.797228926, 6504850.206437818
1694, 2567458.1056192126, 6504873.05759036
1695, 2595612.0507997675, 6488437.723060995
1696, 2595567.7370850523, 6488179.2752188025
1697, 2595346.7449690015, 6488431.257288942
1698, 2595377.451328381, 6488451.032755807
1699, 2595418.7952570175, 6488477.659015234
1700, 2595464.5990773714, 6488507.157527929
1701, 2595488.356688725, 6488522.457871758
1702, 2595504.045717168, 6488532.561898045
1703, 2567865.773814044, 6495231.342239839
1704, 2567531.783424916, 6495299.676451461
1705, 2573766.5112403836, 6496726.549632488
1706, 2570931.804700188, 6495629.799638856
1707, 2570873.2866619187, 6495309.775858438
1708, 2572286.3883952647, 6495636.251393595
1709, 2572289.8953304747, 6495654.450026837
1710, 2673838.776634737, 6518806.265156432
1711, 2568243.4690917, 6497876.431381816
1712, 2568234.765413235, 6497834.947303868
1713, 2568457.459771706, 6497802.836655998
1714, 2568453.066734254, 6497780.977551628
1715, 2562034.531782701, 6506652.649749086
1716, 2561962.3436486274, 6507103.346850793
1717, 2563398.3614536664, 6506255.5480526285
1718, 2563013.1970894434, 6506360.058558172
1719, 2566460.754350662, 6506470.428364963
1720, 2566464.7572933272, 6506654.766769798
1721, 2566464.9644674133, 6506662.141489873
1722, 2573023.631533924, 6492741.44582608
1723, 2572917.0422552475, 6492161.212642939
1724, 2568915.964127823, 6492359.815433976
1725, 2568917.379334675, 6492366.75900308
1726, 2568147.6680326927, 6495095.091381125
1727, 2568163.0650204252, 6495172.548802617
1728, 2565909.285012737, 6497267.810782982
1729, 2565895.8633938134, 6497291.732053422
1730, 2566440.827149893, 6506363.500038701
1731, 2566451.649982375, 6506414.113022946
1732, 2570237.476006751, 6495540.056503704
1733, 2570159.812399087, 6495112.887262384
1734, 2570754.4047650346, 6494659.633864801
1735, 2564209.7399831736, 6502727.949461826
1736, 2564221.4446111517, 6502756.198132821
1737, 2564788.2394795595, 6497219.123027055
1738, 2564968.311212657, 6497183.260986678
1739, 2564978.267360687, 6497170.6383433025
1740, 2565135.250547977, 6497138.657177792
1741, 2565484.1389870085, 6497067.580401318
1742, 2564076.7733224053, 6505548.1142711835
1743, 2564492.150484965, 6505465.8529680725
1744, 2564024.273906325, 6494707.30902735
1745, 2563387.606300859, 6494824.502038306
1746, 2566264.8907059943, 6505510.033862351
1747, 2566373.1544450177, 6506047.028583434
1748, 2563225.9373691077, 6497490.986003214
1749, 2563172.137548584, 6497124.631396583
1750, 2570042.9947004365, 6501520.60479412
1751, 2624064.8127955394, 6504045.52565901
1752, 2624929.0900391983, 6503781.774678242
1753, 2624957.774319221, 6503773.019892752
1754, 2661474.5875515966, 6517406.666403674
1755, 2661503.1684987964, 6517399.136496524
1756, 2627693.2608832046, 6502876.750697435
1757, 2627687.019362945, 6502910.622205053
1758, 2569277.5854013264, 6498682.232564469
1759, 2569304.0878492435, 6498806.739590571
1760, 2569330.785539697, 6498801.342600593
1761, 2569535.172992743, 6498760.025280004
1762, 2569524.356747866, 6498709.771780774
1763, 2567746.690694207, 6493133.417168449
1764, 2567729.3536165324, 6492970.324664844
1765, 2567637.5327009386, 6492649.206569842
1766, 2567710.4024673733, 6492974.106150131
1767, 2563906.671274595, 6496032.571996834
1768, 2563553.215219309, 6496103.8828711575
1769, 2564236.4110651533, 6502474.811151726
1770, 2564270.420396365, 6502650.981918032
1771, 2569402.9904121263, 6494689.986378213
1772, 2569341.172793001, 6494403.74338153
1773, 2567116.2525053006, 6500771.020725523
1774, 2567446.571502803, 6500701.21990628
1775, 2569685.9154679663, 6502452.959733934
1776, 2569515.96547074, 6501660.369161369
1777, 2579933.584690157, 6493418.605912615
1778, 2579785.891058963, 6493402.054218532
1779, 2569060.6212277454, 6494991.982738646
1780, 2569451.469362178, 6494914.465420545
1781, 2568014.6738119056, 6492913.3922798075
1782, 2564553.9796307953, 6504040.289708412
1783, 2564522.2405673815, 6504001.422390519
1784, 2564413.6094056196, 6503465.304177596
1785, 2579483.862695888, 6493697.158703989
1786, 2579583.560489854, 6493694.189199023
1787, 2579690.313390687, 6493685.505946517
1788, 2579753.362111079, 6493661.02416392
1789, 2579795.5687951827, 6493627.008168246
1790, 2579849.0560690863, 6493575.221945121
1791, 2579962.344538373, 6493469.61351625
1792, 2580067.7061699694, 6493371.65915098
1793, 2580541.7798614386, 6492961.087147397
1794, 2581079.2176260804, 6492494.795193885
1795, 2581190.027597657, 6492398.56079728
1796, 2581231.842119448, 6492335.397702491
1797, 2581308.9944943823, 6492215.345149848
1798, 2581404.132987869, 6492036.337762556
1799, 2581460.437964761, 6491938.2305642245
1800, 2581879.875877203, 6491221.587281676
1801, 2569273.1992041315, 6498984.226980789
1802, 2569338.8125912654, 6498970.538931526
1803, 2570413.2510377625, 6501442.501257363
1804, 2570782.581374236, 6501364.59305539
1805, 2569239.598466231, 6498689.880267112
1806, 2569114.0514489887, 6498715.15596396
1807, 2569096.598689406, 6498693.26254577
1808, 2568974.0256117554, 6498719.581934272
1809, 2571425.528437981, 6497191.116496512
1810, 2571812.9425682314, 6497110.861355432
1811, 2573601.0038232827, 6496737.707877113
1812, 2573762.141195982, 6496703.433154215
1813, 2567779.6904573347, 6497705.831784526
1814, 2567723.8079089425, 6497452.379561626
1815, 2567748.3705900735, 6497592.890445013
