1, 2562945.1899095066, 6493592.460218013
2, 2563453.4418116105, 6493495.65599126
3, 2563755.249198092, 6493437.595300951
4, 2564407.2677687085, 6496570.58527608
5, 2564450.0867889733, 6496562.829391758
6, 2564285.3270996, 6495964.179129991
7, 2564294.8591062985, 6495962.227359787
8, 2564187.8752796063, 6495504.4469676465
9, 2564123.9048387473, 6495508.8692859
10, 2563957.243416902, 6494393.426963918
11, 2563925.988355576, 6494399.056387617
12, 2563884.1021875464, 6494045.41588224
13, 2564551.363880685, 6497266.442764765
14, 2564505.115163134, 6497276.646407786
15, 2565049.712015084, 6494491.79803073
16, 2565288.788569265, 6494441.950754364
17, 2565309.162041896, 6494438.201873569
18, 2564821.0133377505, 6498578.391369708
19, 2564849.150942438, 6498571.74508696
20, 2566596.2974142586, 6494169.835062226
21, 2566586.176772651, 6494129.338035629
22, 2565586.4889634545, 6495687.878916502
23, 2565611.2564234487, 6495682.589477967
24, 2563599.7223209175, 6505656.793832316
25, 2563599.998523557, 6505671.312863871
26, 2563601.1797261727, 6505642.300838245
27, 2564076.7733224053, 6505548.1142711835
28, 2564846.4663216355, 6505367.519925234
29, 2564850.9915567976, 6505388.877555597
30, 2566860.018581432, 6504997.539041296
31, 2566863.284265642, 6505014.682830851
32, 2566209.8563029463, 6505237.059880653
33, 2562135.325941641, 6505573.416025048
34, 2563140.5371560617, 6505642.014444052
35, 2563174.4586390685, 6505655.278522064
36, 2563233.7472173255, 6505699.639566479
37, 2563263.8658273886, 6505710.771311539
38, 2563277.10637838, 6505706.649463289
39, 2563288.1762502766, 6505701.732601341
40, 2563437.439610797, 6505672.533568811
41, 2563551.415773551, 6506140.236284008
42, 2563551.41614777, 6506238.392836749
43, 2564553.9796307953, 6504040.289708412
44, 2564641.738046402, 6504425.165634887
45, 2566413.086536938, 6503636.964654938
46, 2565907.0439673774, 6503746.759452167
47, 2566187.5213148454, 6505126.272900906
48, 2566246.6369023314, 6505114.9583837865
49, 2563306.1288871197, 6497865.2860234445
50, 2563235.7084322046, 6497532.305873054
51, 2563421.847774569, 6496308.399222847
52, 2563397.7553407676, 6496358.3357152045
53, 2563361.961856484, 6496437.169465616
54, 2563207.240415713, 6496769.849437058
55, 2563168.28961188, 6497006.750027346
56, 2563165.8419659846, 6497054.461566676
57, 2563168.6937535815, 6497097.901255642
58, 2563172.137548584, 6497124.631396583
59, 2564636.2890470535, 6497665.322195109
60, 2564740.4252543394, 6498183.256562789
61, 2565074.701224397, 6499914.9016478155
62, 2565066.015401964, 6499862.206856785
63, 2566357.4081204897, 6499582.196551241
64, 2566226.2876665927, 6499609.940199032
65, 2564411.77831964, 6499995.49831367
66, 2563775.596038863, 6500129.514867121
67, 2563643.954610453, 6499599.829919733
68, 2563594.3293470982, 6499612.182222132
69, 2566101.9288920453, 6498307.84183625
70, 2566103.415800375, 6498315.666780726
71, 2562796.7331831977, 6504417.477071618
72, 2562687.9304884505, 6504440.839677956
73, 2573319.9132206636, 6494076.737354193
74, 2566186.433034121, 6498709.762979578
75, 2566248.9097692817, 6499000.105216462
76, 2567436.5167697244, 6506199.629600372
77, 2567668.738818083, 6505925.029629858
78, 2567594.491122061, 6505572.591985485
79, 2567647.5280423667, 6505840.21611153
80, 2575671.7605813835, 6492208.439212312
81, 2575672.396262617, 6492202.039849515
82, 2568914.666706929, 6492353.449769749
83, 2568915.964127823, 6492359.815433976
84, 2575143.9832292073, 6493663.485481
85, 2575139.6838045525, 6493630.304530675
86, 2574693.886890386, 6494429.618861016
87, 2574724.4867493846, 6494423.362895279
88, 2573272.90446587, 6494087.650234993
89, 2573231.89395231, 6494096.737730325
90, 2571783.090504908, 6493049.83188652
91, 2571785.8069756627, 6493063.889862342
92, 2570489.9763603657, 6493308.226243392
93, 2570435.9135536994, 6493011.521990761
94, 2567116.3289231607, 6496713.740461994
95, 2567075.355040472, 6496480.750609007
96, 2566981.092608358, 6495960.668322156
97, 2573762.141195982, 6496703.433154215
98, 2573755.2382648787, 6496666.778065838
99, 2571528.2182040582, 6498541.852470952
100, 2571453.432480546, 6498529.218571827
101, 2571521.996339036, 6498512.768741388
102, 2572225.687006671, 6498345.108797722
103, 2572726.7612186135, 6498239.295263254
104, 2570453.2656289507, 6492023.251256044
105, 2570455.8112958823, 6492018.702626504
106, 2563032.918075829, 6503748.132339854
107, 2563009.562799027, 6503741.3544774605
108, 2563236.3372311564, 6502948.591719511
109, 2563209.6788084814, 6502992.92566823
110, 2572774.277723668, 6498229.634299309
111, 2572767.0243078414, 6498189.3344597
112, 2572806.1417181664, 6498223.155823082
113, 2572827.152677318, 6498236.427665654
114, 2563188.60022648, 6502954.134779036
115, 2563183.2702946663, 6502974.940142308
116, 2563137.682743743, 6502977.911151295
117, 2563051.568001434, 6502970.354804024
118, 2562884.5657025143, 6502924.503655476
119, 2562593.6043743035, 6502833.611678406
120, 2561924.5735580865, 6502610.580323984
121, 2564544.7853847253, 6502637.662949975
122, 2564562.8732493464, 6502690.169182431
123, 2564818.317057055, 6502632.510054014
124, 2564042.087899195, 6501495.044335284
125, 2564033.903899812, 6501441.466734602
126, 2564005.1213880894, 6501446.395047919
127, 2564872.7264259523, 6505385.493592095
128, 2565833.8674644185, 6505194.68309261
129, 2566156.386311567, 6505131.525804299
130, 2566805.959394036, 6506337.974958502
131, 2566451.649982375, 6506414.113022946
132, 2566460.754350662, 6506470.428364963
133, 2573998.318256651, 6497965.23650582
134, 2573987.7796239886, 6497906.851585859
135, 2574148.6976746633, 6497927.7037063455
136, 2574150.8287005797, 6497878.778871587
137, 2572714.6713973386, 6499583.22435455
138, 2572719.7331605842, 6499608.753312679
139, 2567907.758580029, 6496573.650994128
140, 2567912.6028254046, 6496604.498388035
141, 2564448.173294322, 6504065.730001398
142, 2565018.7483989242, 6493170.159170831
143, 2564836.454568757, 6493208.391761646
144, 2563597.1901690657, 6504251.195218957
145, 2562952.3814220144, 6504387.150073567
146, 2566185.0070051383, 6505115.437638694
147, 2566155.068465592, 6505120.706268817
148, 2566006.7423390322, 6504409.789333794
149, 2570903.326909663, 6494626.056590899
150, 2570754.4047650346, 6494659.633864801
151, 2571640.719531667, 6495778.719260737
152, 2571636.1003074283, 6495770.662657098
153, 2571532.6438388336, 6495228.347221293
154, 2565019.65517507, 6493187.328339622
155, 2570988.4253120064, 6495648.731836069
156, 2565069.8934209957, 6493406.246232718
157, 2564611.1104446165, 6504028.213318505
158, 2572303.2398826825, 6499669.780412365
159, 2572087.6691458165, 6499713.297387623
160, 2572007.096587086, 6499745.963038394
161, 2572926.6066522337, 6495516.254488735
162, 2572921.1062387377, 6495486.297368714
163, 2570931.804700188, 6495629.799638856
164, 2570936.7728403024, 6495657.869648196
165, 2573028.4183370583, 6492767.503437636
166, 2573034.61260361, 6492801.303119479
167, 2567817.9077983485, 6493927.021828319
168, 2567915.6548731946, 6493910.422683978
169, 2569193.7835312765, 6493646.796589901
170, 2569916.9230738, 6493462.544300243
171, 2570480.620453281, 6493312.80438312
172, 2570340.685363992, 6497458.485559951
173, 2570018.8401038754, 6497488.912126102
174, 2570332.933383896, 6497422.8976933155
175, 2573796.2871489306, 6496695.4304568125
176, 2565303.1836387627, 6494411.955701267
177, 2574099.641070384, 6496633.087180982
178, 2574094.016241686, 6496601.920153708
179, 2574279.4971723533, 6496596.833155556
180, 2574274.0102801253, 6496565.467034028
181, 2574716.263085137, 6496501.045550368
182, 2574724.2765008365, 6496486.990193648
183, 2567377.8475476434, 6497970.792939379
184, 2567378.07295088, 6497971.837949835
185, 2567341.8675951296, 6497980.541678574
186, 2567090.472293996, 6496742.237157916
187, 2567119.433478413, 6496731.396007561
188, 2567830.2478482355, 6497948.430535857
189, 2567822.2688552705, 6497908.644964489
190, 2567832.9158694167, 6497961.078519184
191, 2567855.7136176964, 6497995.729734508
192, 2567333.482252643, 6497994.886922844
193, 2567343.8684479296, 6497992.6905349335
194, 2567671.4125741087, 6497980.096575281
195, 2567679.496002102, 6498017.910146345
196, 2567761.279325204, 6498398.71473126
197, 2567783.1124255112, 6498417.135754786
198, 2567883.5618092436, 6498982.474778134
199, 2567849.6792041133, 6499040.470490724
200, 2567755.985033127, 6499186.892941412
201, 2567749.0654193023, 6499181.596580402
202, 2567739.3903103503, 6499175.788832506
203, 2568079.969923299, 6498119.730440248
204, 2568065.019847284, 6498122.89988072
205, 2568007.420078981, 6497896.963935783
206, 2568008.9081447367, 6497902.030828643
207, 2568011.321360297, 6497910.254048403
208, 2568197.871693031, 6498678.509092285
209, 2568087.267247645, 6498700.629776991
210, 2568235.543189043, 6498862.2676854255
211, 2568269.7988793193, 6498854.794999969
212, 2568570.340897519, 6497815.987070137
213, 2568585.6396967117, 6497893.799803958
214, 2568576.334863159, 6498143.7934432095
215, 2568628.423565799, 6498097.174026055
216, 2568635.4927991903, 6498132.008856137
217, 2568582.8627168154, 6497279.278992324
218, 2568566.9780177185, 6497282.824189191
219, 2568428.2893068176, 6496492.689027243
220, 2568464.163346956, 6496685.940462908
221, 2568549.7859141044, 6497128.241556085
222, 2568577.949824329, 6497123.007851613
223, 2568694.935705403, 6497101.268436857
224, 2568698.38704655, 6497118.624687895
225, 2568938.381372175, 6497700.299630951
226, 2568937.310003773, 6497695.508933462
227, 2569056.6121965125, 6497673.211480109
228, 2569053.6354173613, 6497658.479205065
229, 2569307.175209275, 6497620.658850324
230, 2569305.682665861, 6497618.739388345
231, 2569303.6333970963, 6497606.8997128485
232, 2569238.0332371457, 6497227.887223781
233, 2569255.864089161, 6497224.175946193
234, 2567334.045077947, 6497996.5629275385
235, 2567344.2440478615, 6497994.359800937
236, 2567358.030045308, 6497991.382232034
237, 2567365.6145271636, 6498027.00763064
238, 2567368.8824744276, 6498042.357647439
239, 2567404.9602247546, 6498211.820012959
240, 2567513.3257675422, 6498714.144050349
241, 2567517.920712725, 6498735.033271071
242, 2567518.0229160152, 6498735.494176188
243, 2567524.499050856, 6498733.855481315
244, 2567563.137319675, 6498938.946132524
245, 2567557.523306005, 6498940.937780539
246, 2567541.740421264, 6499138.29726321
247, 2567531.40318963, 6499130.179601877
248, 2567621.225378166, 6499223.612039825
249, 2567600.9842066206, 6499252.50808541
250, 2567428.3565281243, 6499359.20808289
251, 2567427.2450028663, 6499353.825368966
252, 2566718.8376579834, 6494786.242848513
253, 2566598.9782249634, 6494188.080661038
254, 2565840.992956361, 6496996.611693695
255, 2565828.7515498567, 6496999.554385658
256, 2564563.80571432, 6497263.819952064
257, 2572336.952374328, 6499662.688052454
258, 2568612.2978616366, 6498017.560536523
259, 2568830.772531917, 6497974.811575132
260, 2568834.2843328305, 6497990.839276322
261, 2567649.8209192217, 6499324.919715658
262, 2567612.4092486547, 6499348.213859472
263, 2572781.2035654783, 6498264.877435135
264, 2572740.4776696153, 6492856.445016455
265, 2572735.389154484, 6492824.9976727655
266, 2574327.982279994, 6492520.253826274
267, 2574333.7347329278, 6492532.172253327
268, 2569073.804248665, 6497979.537565574
269, 2569428.775362683, 6497904.682475109
270, 2569032.2529530143, 6497986.793292739
271, 2569036.701055391, 6498009.1978635425
272, 2569007.0986555982, 6497987.88025506
273, 2569004.247072865, 6497965.695247577
274, 2568949.4373118537, 6504571.4826040175
275, 2568975.26604786, 6504569.352528084
276, 2573971.2883268646, 6495256.377720612
277, 2574494.020747595, 6495138.963508562
278, 2568905.5046126805, 6504579.095371709
279, 2568884.0979386116, 6504584.64173902
280, 2568834.566015815, 6504593.690571329
281, 2568797.945044909, 6504603.775923811
282, 2568777.6093585384, 6504610.460451061
283, 2568678.004781478, 6504630.05658827
284, 2568507.653366925, 6504664.477436499
285, 2568507.9970366587, 6504651.305472773
286, 2567915.7273423336, 6504770.988284675
287, 2567917.255881512, 6504778.334457925
288, 2566233.7259656927, 6499648.966581097
289, 2566688.5969769047, 6495469.201767673
290, 2566684.6346076336, 6495461.554189026
291, 2566990.30830566, 6496760.925049917
292, 2567458.1056192126, 6504873.05759036
293, 2567453.5611125575, 6504888.349010094
294, 2566924.2089766064, 6502188.362777325
295, 2566909.9510046365, 6502191.247722955
296, 2566690.035587101, 6501072.566032169
297, 2566661.7653968013, 6501078.226213352
298, 2566603.4375459678, 6500682.603190797
299, 2566630.6785392533, 6500804.016864756
300, 2566646.1802294864, 6500869.911928215
301, 2566667.574744666, 6500865.83233341
302, 2566381.290882521, 6499577.891303289
303, 2566393.1501361094, 6499635.05999664
304, 2566451.231404395, 6499979.341820399
305, 2566564.5512678623, 6500517.999998624
306, 2566179.7300240076, 6501230.905701242
307, 2566174.6624576775, 6501207.837872368
308, 2566004.3999473555, 6501527.638979115
309, 2565929.4008285487, 6501482.218805004
310, 2568873.106057379, 6498729.395772524
311, 2568857.6628559064, 6498732.424892042
312, 2568846.0909096906, 6498590.110408517
313, 2568826.142119813, 6498593.825179313
314, 2568659.5079758093, 6498244.220743316
315, 2568771.477327419, 6498222.557297499
316, 2568805.0431624805, 6498389.330905351
317, 2568807.3577649277, 6498400.833070472
318, 2568664.7100819596, 6497878.603647354
319, 2568566.055091827, 6497794.190993971
320, 2567590.0679390235, 6499683.3374675
321, 2567415.7285869573, 6499721.132494668
322, 2567453.3420000575, 6499665.793223514
323, 2568457.459771706, 6497802.836655998
324, 2568468.382675014, 6497830.171848752
325, 2568110.728224211, 6497888.91073007
326, 2568216.9221976325, 6497866.857004478
327, 2568786.8728807713, 6497746.875919344
328, 2569904.540007735, 6497514.446894468
329, 2569781.9227263387, 6497192.843409664
330, 2569837.3106481093, 6497488.349272609
331, 2567741.593836473, 6499650.112829657
332, 2567713.9742393456, 6499656.001416948
333, 2567692.519572792, 6499327.166321937
334, 2567674.2893291856, 6499337.312975015
335, 2567675.398317225, 6499345.395180932
336, 2567697.0588616, 6499450.419729302
337, 2567642.5531105143, 6499460.940443422
338, 2567064.2862150157, 6499434.8937799875
339, 2567054.0606199703, 6499427.781430687
340, 2567146.4375059633, 6499442.071767801
341, 2567142.1268333304, 6499418.6157979155
342, 2568401.1717742095, 6502894.347908723
343, 2568402.870795035, 6502902.595172742
344, 2568627.0005503767, 6503954.734398448
345, 2568669.1600625115, 6504057.41330118
346, 2568236.3950540004, 6501904.922044814
347, 2568198.746705043, 6501912.961038593
348, 2568175.032378747, 6501918.081975532
349, 2570471.0503199333, 6500046.706750632
350, 2570226.3477902086, 6500126.429126065
351, 2570477.4145129872, 6500074.998595526
352, 2570588.855734337, 6500050.689389417
353, 2569232.8246843265, 6500336.314287709
354, 2569463.046165188, 6500286.91534793
355, 2569132.7373495116, 6499999.842323596
356, 2569199.6984279286, 6500318.181861029
357, 2569203.532508572, 6500342.608091365
358, 2569510.7385667046, 6501635.942807457
359, 2569558.650623045, 6501622.774511795
360, 2570830.746032926, 6501355.068262974
361, 2571243.752238615, 6501268.750440384
362, 2571357.036840193, 6501244.139824938
363, 2571349.892983738, 6501212.115564248
364, 2570782.581374236, 6501364.59305539
365, 2570785.3061279757, 6501377.467211471
366, 2571200.3026263486, 6503182.633355879
367, 2571835.0359515795, 6503046.0067770695
368, 2571837.1771598165, 6503056.1017856905
369, 2569790.3602380194, 6502940.055594183
370, 2569685.9154679663, 6502452.959733934
371, 2568931.5683782767, 6499008.097172623
372, 2568936.289766356, 6499031.090104729
373, 2568940.8953060647, 6499063.445443686
374, 2568135.745939195, 6499233.418309809
375, 2568858.765981824, 6499082.621096395
376, 2568857.7975979648, 6499076.9848264605
377, 2568297.5375468675, 6499161.530968628
378, 2568290.459428316, 6499163.146529689
379, 2567412.0686830254, 6499643.152802827
380, 2567281.9397459966, 6499843.998078409
381, 2566686.2645672834, 6500738.395263344
382, 2566877.4882197063, 6500463.847011747
383, 2568361.7969252663, 6499405.849175789
384, 2568379.6395725138, 6499486.7869343925
385, 2568328.7536998405, 6499191.772212098
386, 2568310.8067602133, 6499195.546824774
387, 2568135.6731869075, 6499235.723906887
388, 2568317.028374085, 6499205.850799523
389, 2568323.1410047566, 6499198.511528125
390, 2568016.158763891, 6497226.359015658
391, 2568036.6143499794, 6497230.82445873
392, 2568107.9569948865, 6497215.82939103
393, 2568117.3218012713, 6497259.640384354
394, 2571290.2535344176, 6498562.681325613
395, 2570817.4703010824, 6498661.054473544
396, 2570261.5882581454, 6498777.134220163
397, 2569550.675243011, 6498927.307306298
398, 2570843.21094274, 6493229.596849421
399, 2572996.448380489, 6492808.538870009
400, 2576515.418852161, 6492806.894696
401, 2576547.988372845, 6492937.849198095
402, 2576567.275807118, 6493054.076234222
403, 2576570.525551685, 6493097.504483765
404, 2576573.537895111, 6493159.99145563
405, 2576559.527818651, 6493261.917902025
406, 2576545.631526089, 6493319.979117786
407, 2576477.5871092374, 6493485.411626298
408, 2576474.966617742, 6493632.755509873
409, 2576579.054977382, 6493698.459995631
410, 2576848.558231844, 6493707.572940239
411, 2576992.4979098, 6493709.307314362
412, 2577121.2145143673, 6493698.1616410995
413, 2577232.405048441, 6493692.19927091
414, 2581879.875877203, 6491221.587281676
415, 2581927.4708544966, 6491137.682990759
416, 2581984.379167985, 6491033.351605569
417, 2582021.2787623345, 6490957.423393825
418, 2582064.117622903, 6490869.273967447
419, 2590567.0459534703, 6486576.233593336
420, 2590680.871229032, 6486656.9877071595
421, 2590770.7716626986, 6486687.413381462
422, 2590891.5377753126, 6486712.91483258
423, 2590942.041799945, 6486724.353642035
424, 2591017.3315150943, 6486757.203097599
425, 2591066.5728609567, 6486788.660515848
426, 2591110.8386688335, 6486824.738782965
427, 2591174.989439323, 6486911.985947111
428, 2591344.738289327, 6487119.399629194
429, 2591366.7896702983, 6487144.1690355055
430, 2591425.265306345, 6487200.384356704
431, 2591489.7170749614, 6487246.644191651
432, 2591576.841189268, 6487288.236967485
433, 2591678.531619267, 6487327.325135542
434, 2591760.693699861, 6487365.171322174
435, 2591834.5429889653, 6487390.004061707
436, 2591895.8824221953, 6487420.02310926
437, 2591979.0437686937, 6487492.212916976
438, 2592035.3450331036, 6487538.265913378
439, 2595597.79522583, 6488581.395618248
440, 2595638.992343595, 6488594.85238117
441, 2595612.0507997675, 6488437.723060995
442, 2595568.613613806, 6488631.497573142
443, 2595552.956186907, 6488672.351323482
444, 2596656.2548528877, 6489100.703318466
445, 2596679.524636557, 6489105.074626206
446, 2596715.009779673, 6489100.662873744
447, 2596748.2741989708, 6489107.361968928
448, 2596780.7379580033, 6489115.684212484
449, 2596802.706902263, 6489127.036308047
450, 2596818.9750574296, 6489159.254889281
451, 2596822.681853211, 6489180.730292837
452, 2596799.834193336, 6489221.398254204
453, 2596621.1533120177, 6489113.108122795
454, 2596653.2453726176, 6489071.156468913
455, 2596665.043592615, 6489048.175251298
456, 2596678.700031801, 6489017.0373448
457, 2596682.553680876, 6488990.825849304
458, 2596680.5303723053, 6488975.184674567
459, 2596674.928115209, 6488946.5102401385
460, 2596650.4852568386, 6488914.505516824
461, 2596417.61812943, 6488880.537411323
462, 2596376.337546322, 6488946.098092763
463, 2596341.4982863413, 6488988.51067687
464, 2656368.1351255025, 6518578.62837626
465, 2656359.48317663, 6518592.07679675
466, 2656341.5760908136, 6518619.911221502
467, 2656306.4791474994, 6518674.465225303
468, 2640194.351149477, 6539093.309162363
469, 2640142.2333577154, 6539033.4519422855
470, 2640097.988579072, 6538960.462474063
471, 2640055.519493821, 6538901.91327984
472, 2640052.5800195825, 6538829.913351743
473, 2640012.4990760805, 6538712.958568853
474, 2639994.320741684, 6538398.5216172505
475, 2639955.829861923, 6538320.197096435
476, 2661503.1684987964, 6517399.136496524
477, 2661525.998351445, 6517383.018512048
478, 2673812.34533547, 6505053.716436892
479, 2673846.8914425955, 6504933.055992032
480, 2661641.052263984, 6518882.592772147
481, 2661645.1786870225, 6518867.443610547
482, 2661653.8494314067, 6518829.240202515
483, 2661672.372732374, 6518750.715818535
484, 2661687.3116844785, 6518703.59201229
485, 2661682.64471508, 6518664.865695259
486, 2661679.680739615, 6518607.721396752
487, 2661690.8048131913, 6518529.534504204
488, 2661707.3209942137, 6518446.98077737
489, 2661325.5460843747, 6516738.341098935
490, 2661328.726049951, 6516720.00769799
491, 2661331.5042848093, 6516701.635843116
492, 2661333.1433708593, 6516690.796906742
493, 2661336.512554808, 6516664.944467
494, 2661342.9951729006, 6516625.648644768
495, 2661347.255715081, 6516597.474237802
496, 2661350.8223223817, 6516573.888648197
497, 2661355.353924062, 6516543.921545649
498, 2661374.5124280173, 6516433.389785003
499, 2661388.6534539904, 6516382.920988749
500, 2595563.98151731, 6488559.246818382
BusMT_500, 2595563.98151731, 6488559.246818382
501, 2595562.530761025, 6488572.221603411
502, 2625305.4785884265, 6503659.9078376405
503, 2625355.4643902495, 6503690.668640829
504, 2627698.017624072, 6502850.936796677
505, 2627693.2608832046, 6502876.750697435
506, 2627749.8423456284, 6502867.820783381
507, 2627791.647011609, 6502875.962864501
508, 2628127.680376905, 6502941.4067741595
509, 2629136.8002299047, 6503138.561330048
510, 2630038.2142695887, 6503318.770601365
511, 2631378.606332176, 6503715.516564152
512, 2635220.1772782216, 6504832.004781816
513, 2637022.3415893186, 6505350.497009323
514, 2638966.9302675147, 6505905.683658606
515, 2639874.480187714, 6506164.659597601
516, 2640723.534758493, 6506424.323155912
517, 2641250.574786274, 6506582.852980978
518, 2644716.8056242247, 6507646.330730919
519, 2646254.0453584027, 6508089.898937767
520, 2647119.6422936134, 6508145.372162908
521, 2647520.424127806, 6508187.72958268
522, 2648512.6499601505, 6508351.908846137
523, 2649308.369588158, 6508853.378748154
524, 2650248.673211107, 6509785.18208842
525, 2651504.6434525466, 6510992.485946827
526, 2651951.1545625464, 6511407.379821019
527, 2652205.1553404653, 6511643.379718476
528, 2652235.9856773787, 6511727.061137652
529, 2652312.2354235444, 6511940.829654668
530, 2652381.226978646, 6512146.55214332
531, 2652473.8296177173, 6512212.392060672
532, 2652635.801096849, 6512263.199011104
533, 2652790.4109455007, 6512271.744139875
534, 2652803.00240543, 6512274.068540429
535, 2652889.020297905, 6512306.916666494
536, 2652939.7221619375, 6512326.278092374
537, 2653003.8880919097, 6512350.780971983
538, 2656577.1592981503, 6518063.567142082
539, 2656498.210702409, 6518141.891782775
540, 2564651.6856009066, 6502614.979168616
541, 2564794.8854024187, 6502554.293915497
542, 2564818.610494787, 6502539.601815202
543, 2564902.01329696, 6502465.22704294
544, 2568875.752649786, 6498738.737205514
545, 2568894.681147499, 6498735.04757603
546, 2568389.1434258306, 6498300.2374659795
547, 2656444.34000659, 6518566.924373238
BusMT_547, 2656444.34000659, 6518566.924373238
548, 2656465.493380273, 6518579.61804224
549, 2656397.290539582, 6518535.314391397
550, 2656380.0358073227, 6518560.130188675
BusMT_550, 2656380.0358073227, 6518560.130188675
551, 2596113.832616139, 6488624.475361238
552, 2596112.710899007, 6488617.971467005
553, 2567523.754491164, 6499124.1733869165
554, 2567530.894987488, 6499158.3487022845
555, 2567551.10559719, 6499262.87123049
556, 2569451.469362178, 6494914.465420545
557, 2569440.186156004, 6494862.2191711
558, 2566796.566604866, 6500961.133278801
559, 2566696.537279094, 6500983.158968812
560, 2568501.3473937986, 6497296.276264039
561, 2568500.34578864, 6497290.868786518
562, 2569425.6524133445, 6497881.112891757
563, 2569415.0991436825, 6497880.47707247
564, 2569396.992252306, 6497729.549174225
565, 2568989.955847064, 6497059.231703449
566, 2568968.0998708317, 6496954.001985082
567, 2568612.4032306266, 6497432.090070605
568, 2568635.237576522, 6497431.660735377
569, 2568589.872005086, 6497315.535661251
570, 2568607.548046827, 6497307.248344572
571, 2567377.6304455623, 6498024.6269184295
572, 2567372.7164625293, 6498025.600525066
573, 2569277.5854013264, 6498682.232564469
574, 2569239.598466231, 6498689.880267112
575, 2564100.76157683, 6501784.419054941
576, 2564008.325133717, 6501806.459893703
577, 2567054.526608705, 6502849.12853347
578, 2567185.1340495045, 6503471.297170373
579, 2566934.839541826, 6502241.713546612
580, 2566937.390142183, 6502260.965231885
581, 2563600.700317568, 6505708.20397252
582, 2567290.0460698274, 6497478.48619651
583, 2567351.9071655325, 6497465.681709698
584, 2567356.9419443966, 6497874.037866741
585, 2567275.133237302, 6497481.573088125
586, 2567183.153646302, 6497046.738397932
587, 2567260.78813857, 6497410.590099988
588, 2566610.7213390153, 6497541.44437137
589, 2567209.907333737, 6497420.8692935025
590, 2566598.8237938248, 6497543.900016639
591, 2566609.2641748926, 6497541.749697143
592, 2567139.4396370538, 6496728.351845176
593, 2568029.670466115, 6496549.13938128
594, 2568409.2543235277, 6496473.116932545
595, 2568441.8029502053, 6496466.535068681
596, 2568484.583262097, 6496458.305638403
597, 2568920.8520186916, 6496368.975347223
598, 2574573.8076523733, 6493795.391658726
599, 2575292.9014517944, 6493628.444664762
600, 2575619.3595342636, 6493552.349052079
601, 2569033.4040647876, 6496345.992890331
602, 2569245.708642117, 6496302.6800071485
603, 2570335.731309205, 6496080.487019782
604, 2569639.97157463, 6496223.363359637
605, 2569740.007629368, 6496202.905434704
606, 2570349.208956423, 6496077.351272722
607, 2570334.550128396, 6496073.988420368
608, 2570237.476006751, 6495540.056503704
609, 2569806.1427427563, 6494837.521398807
610, 2569402.9904121263, 6494689.986378213
611, 2569771.2827646937, 6494846.584772394
612, 2567993.3522157185, 6497091.393636903
613, 2568022.6265820116, 6497259.340622744
614, 2567728.224533158, 6497322.651552237
615, 2568947.557117783, 6496363.506779284
616, 2568971.3324458697, 6496478.760472972
617, 2570982.231233354, 6495929.510146206
618, 2570989.4896718753, 6495927.810706668
619, 2571010.3852526364, 6495922.987695527
620, 2571005.989425406, 6495924.002058398
621, 2571038.6017793445, 6496076.3623689385
622, 2571065.259408008, 6496213.4876742875
623, 2571044.5633382634, 6496232.36863684
624, 2570983.8663205146, 6495899.015853617
625, 2571230.0542355934, 6495608.101663553
626, 2570748.412021619, 6494627.441017277
627, 2570629.5003252756, 6493979.496577857
628, 2568420.169924867, 6496461.993992103
629, 2568423.4682726925, 6496470.270087933
630, 2568393.5849586125, 6496331.307073972
631, 2568163.0650204252, 6495172.548802617
632, 2568288.3846386974, 6495792.61118197
633, 2568292.525964514, 6495815.472693428
634, 2568123.1512439325, 6495178.675284088
635, 2567865.773814044, 6495231.342239839
636, 2568147.6680326927, 6495095.091381125
637, 2568074.833517914, 6494721.186147314
638, 2568051.5046344455, 6494602.882047334
639, 2567922.676458004, 6493946.302637591
640, 2567958.0701659145, 6494126.823911304
641, 2567746.690694207, 6493133.417168449
642, 2567853.640844365, 6493623.646878779
643, 2567896.092885688, 6493818.231611926
644, 2567911.2787245517, 6493886.418260812
645, 2569087.1686857934, 6493669.123821237
646, 2570515.638110756, 6493292.921488515
647, 2568859.510047774, 6498022.62213371
648, 2568879.730966622, 6498018.282273333
649, 2568892.150705919, 6498008.5034938045
650, 2571884.495593034, 6493580.852875566
651, 2572406.7332390826, 6492926.290429336
652, 2572719.7395053157, 6492733.686098711
653, 2573072.540918457, 6492792.315459675
654, 2573037.622447289, 6492817.246661356
655, 2573114.412477549, 6493231.887296885
656, 2573176.2623454365, 6493565.845534853
657, 2573269.1183558083, 6494066.547997987
658, 2573277.433059589, 6494111.1011264
659, 2572509.287799298, 6494255.6727536265
660, 2572077.3551707882, 6494349.515909502
661, 2573755.6231826516, 6493973.766001802
662, 2573930.3874309347, 6493932.179534523
663, 2573923.727147105, 6493895.134646827
664, 2573808.9959534947, 6493256.906758152
665, 2574706.6299100867, 6492431.5383275
666, 2574390.6510132896, 6492850.123079782
667, 2574443.8147324338, 6492836.89462428
668, 2575646.794468966, 6492215.573014405
669, 2575537.44798084, 6491323.848323095
670, 2575768.5026616277, 6492184.031307059
671, 2576107.592405271, 6492109.072123346
672, 2576330.259574205, 6492062.412113581
673, 2576348.361619764, 6492123.285098609
674, 2575118.5972880977, 6493475.931361982
675, 2574589.066031009, 6493875.9236727515
676, 2574687.505317244, 6494396.037661998
677, 2574902.1636026553, 6494385.475920975
678, 2573601.134126375, 6495343.094012872
679, 2573605.7721423144, 6495342.007461524
680, 2573565.5132306307, 6495368.929838959
681, 2573565.358599485, 6495368.071728281
682, 2573562.4049077337, 6495351.722194203
683, 2567960.420768275, 6493898.708983089
684, 2568500.5768647413, 6493789.734019716
685, 2573506.1884887232, 6495383.548592109
686, 2573473.16842239, 6495390.375861094
687, 2572937.8783085085, 6495513.796746053
688, 2572877.722157024, 6495230.165371609
689, 2572660.673755335, 6495552.153458769
690, 2572663.194898153, 6495575.77523615
691, 2572308.9262688155, 6495631.503701642
692, 2572286.3883952647, 6495636.251393595
693, 2572298.580490755, 6495633.682912354
694, 2571652.733231268, 6495776.068635396
695, 2572265.357357164, 6495640.892424189
696, 2572289.8953304747, 6495654.450026837
697, 2572367.064429575, 6496054.943496443
698, 2572477.849430059, 6496613.424627852
699, 2572538.2386900997, 6496924.501863413
700, 2571089.046341704, 6496454.387214868
701, 2571232.83275211, 6497200.1317532165
702, 2571238.243944982, 6497229.912502461
703, 2574734.346555125, 6496495.531316507
704, 2574508.3281303365, 6496549.086407707
705, 2574229.1695012385, 6496309.148670606
706, 2574104.937550947, 6496632.019425773
707, 2574070.6575461226, 6496639.043907985
708, 2574059.0326533285, 6496408.090124159
709, 2573766.5112403836, 6496726.549632488
710, 2573862.907995737, 6497236.499292346
711, 2573670.791377195, 6496218.375676621
712, 2572592.8132924577, 6497221.421390117
713, 2572555.688818342, 6497017.579384888
714, 2572544.3972335593, 6496956.227431909
715, 2572519.346944069, 6496961.1661398215
716, 2571944.3171308595, 6497083.646333483
717, 2571272.3496079925, 6497222.848402116
718, 2571425.528437981, 6497191.116496512
719, 2571215.59239343, 6497234.715081189
720, 2570981.584201062, 6497284.324053268
721, 2570385.4473655345, 6497413.13908717
722, 2570625.035027636, 6497359.911313052
723, 2571532.9432926937, 6498563.939610345
724, 2571614.7049301574, 6498946.137168144
725, 2573010.5138784708, 6499520.596810428
726, 2572922.6383718792, 6499039.667059789
727, 2573601.0038232827, 6496737.707877113
728, 2572553.479479829, 6496954.543534824
729, 2573235.934760553, 6496815.358572836
730, 2574207.866821198, 6497911.567591712
731, 2573957.232668378, 6497737.624997058
732, 2573965.7173993494, 6497726.462143272
733, 2573661.179364906, 6498049.869433035
734, 2573658.809287986, 6498036.847429988
735, 2573392.6726176366, 6498112.165032426
736, 2576527.8579450357, 6493680.387573111
737, 2576547.3539119307, 6493697.944953038
738, 2577605.4514750177, 6493701.040369373
739, 2578515.930197926, 6493722.618467441
740, 2579483.862695888, 6493697.158703989
741, 2582124.74498584, 6490779.691639161
742, 2582182.380590277, 6490678.263960089
743, 2582279.3818700816, 6490513.728262977
744, 2582396.074861787, 6490308.748380509
745, 2582482.689757066, 6490151.871744701
746, 2582600.094612159, 6489953.878072374
747, 2582713.1674324586, 6489754.013428309
748, 2582831.802544796, 6489543.966417738
749, 2582909.0658604503, 6489407.604716444
750, 2583105.6115719606, 6489062.453705521
751, 2583133.667705747, 6489015.862605355
752, 2583166.2434225096, 6488980.463844079
753, 2583238.694326342, 6488928.405663442
754, 2583518.5217596916, 6488742.2414286025
755, 2583810.988315332, 6488549.611390134
756, 2583855.8621261334, 6488522.804737318
757, 2583909.7535378383, 6488505.758523683
758, 2583968.1446480677, 6488492.962269546
759, 2584089.1181834233, 6488474.0037875725
760, 2584390.3680483648, 6488427.906660015
761, 2584585.9350883556, 6488395.268167054
762, 2584672.249505, 6488373.968377218
763, 2584769.2869582283, 6488325.817319862
764, 2584950.5911015216, 6488239.874519576
765, 2585068.248558638, 6488184.525603724
766, 2585097.9535507886, 6488168.734527416
767, 2585187.804849036, 6488104.140670841
768, 2585265.5332593084, 6488032.604185472
769, 2585465.507990424, 6487827.2934414605
770, 2585627.787417733, 6487668.390993132
771, 2585941.1467138114, 6487366.549692269
772, 2586011.477098039, 6487335.437214397
773, 2586579.7283191257, 6487084.056481694
774, 2587008.1042860476, 6486917.285657132
775, 2588691.288044841, 6486355.733958317
776, 2588990.3803484985, 6486377.275996222
777, 2590067.4238921423, 6486508.471395854
778, 2590115.9892745544, 6486510.087213134
779, 2590160.0171505306, 6486509.002111146
780, 2590264.4782560053, 6486494.036530969
781, 2590378.3106785244, 6486485.978511362
782, 2590452.538768488, 6486498.194892221
783, 2590504.83068312, 6486529.305896807
784, 2595504.045717168, 6488532.561898045
785, 2595525.1354591977, 6488546.144084385
786, 2595528.4796832907, 6488548.297826934
787, 2595538.807797237, 6488550.99858522
788, 2595552.358107451, 6488554.541934252
789, 2595561.211705603, 6488557.69115286
790, 2595537.66546261, 6488618.223966395
791, 2595558.433003276, 6488556.130493918
792, 2595528.784219542, 6488735.088714028
793, 2595495.5550055504, 6488821.513633413
794, 2595475.628505707, 6488873.339901204
795, 2595460.396557882, 6488928.68267826
796, 2595437.8354782145, 6488966.890680321
797, 2595405.801780558, 6489017.257742576
798, 2595394.051826437, 6489054.5504188305
799, 2595381.6351108695, 6489083.667887696
800, 2595363.083915714, 6489118.693906073
801, 2595315.616806856, 6489183.164943427
802, 2595273.4550244245, 6489252.279640793
803, 2595220.398498792, 6489342.544327797
804, 2595207.30661182, 6489365.666634658
805, 2595178.37293873, 6489382.294561251
806, 2595157.9621207546, 6489394.024478221
807, 2595135.2417144603, 6489405.889311201
808, 2595109.0322203916, 6489419.157471586
809, 2595078.5100652804, 6489450.603542
810, 2595020.448729363, 6489561.730716945
811, 2595007.109400543, 6489596.006766981
812, 2594995.5473661306, 6489633.675242031
813, 2594960.6083408785, 6489667.824398839
814, 2594920.4224804193, 6489704.906208914
815, 2594885.750527081, 6489730.7490007095
816, 2594844.4913493716, 6489763.537015204
817, 2594756.4583099717, 6489874.04107193
818, 2594619.21025852, 6489933.169804867
819, 2594422.4812182444, 6489951.896061008
820, 2594259.4068966047, 6490109.941830058
821, 2594054.419974778, 6490363.694465781
822, 2594004.6954379096, 6490552.504516472
823, 2593919.3776805857, 6490760.366448213
824, 2593790.7076746766, 6490930.64793118
825, 2593796.6428047502, 6491131.985062886
826, 2593783.918687944, 6491283.748787406
827, 2593777.3327799384, 6491559.342868039
828, 2593756.8243782567, 6491663.124820462
829, 2593713.8680563904, 6491819.506543392
830, 2593644.5128920856, 6491927.374633526
831, 2593627.6098750588, 6492063.093558628
832, 2593603.7317786687, 6492108.776481968
833, 2593589.346709006, 6492136.297605261
834, 2593584.0278461897, 6492146.4735086635
835, 2593553.8693530234, 6492176.580059709
836, 2593156.747215896, 6492156.80377956
837, 2592885.4495488163, 6492104.610734855
838, 2595653.9144179896, 6488657.820918164
839, 2595586.355412116, 6488639.1419589855
840, 2596000.496102325, 6488806.100296656
841, 2596628.375840875, 6488903.928331804
842, 2596618.109773804, 6488919.583172122
843, 2656620.235525415, 6518673.316772355
844, 2656690.2920226464, 6518717.321930439
845, 2656754.425141342, 6518766.436058755
846, 2656795.2644566894, 6518777.156607461
847, 2656866.2197601814, 6518775.280260688
848, 2657023.2144701234, 6518773.727858747
849, 2657060.7034768993, 6518757.781179248
850, 2657160.0636172635, 6518765.195641086
851, 2657351.957804056, 6518670.003881318
852, 2657662.0783679592, 6518509.596544631
853, 2658238.4174870313, 6518136.126565675
854, 2658292.016278209, 6518101.493288904
855, 2658431.8276169873, 6518027.250372001
856, 2658544.1336703836, 6517987.904861407
857, 2658685.5976186027, 6517948.814751593
858, 2658795.527932917, 6517931.482930506
859, 2658955.535548495, 6517897.954024218
860, 2659079.680055095, 6517879.616129274
861, 2659166.4047095543, 6517870.255188778
862, 2659343.1121816672, 6517905.275583919
863, 2659662.6999069173, 6517997.429535767
864, 2660265.662139805, 6518174.760555764
865, 2660826.718201764, 6518467.677276861
866, 2661047.157281163, 6518593.829291589
867, 2661638.9918274237, 6518902.8741966905
868, 2661716.7358982363, 6518385.871522061
869, 2661704.289106176, 6518300.420206466
870, 2661693.6815909883, 6518259.885968264
871, 2661644.135578664, 6518110.929861041
872, 2661587.7802455197, 6517945.406624297
873, 2661584.525975331, 6517936.426297305
874, 2661582.3769878517, 6517897.736957935
875, 2661577.2708533136, 6517829.932446112
876, 2661568.355204226, 6517774.4303344535
877, 2661555.4841422993, 6517694.304454508
878, 2661523.2401450602, 6517589.494054428
879, 2661474.5875515966, 6517406.666403674
880, 2661701.4634284927, 6517345.227255885
881, 2661762.3087984757, 6517365.442700964
882, 2661886.8974733553, 6517399.086137725
883, 2662028.369178102, 6517427.248881829
884, 2662154.6341399513, 6517427.640961663
885, 2662289.605694211, 6517449.421954093
886, 2662439.258259007, 6517447.496372698
887, 2662496.075403098, 6517439.325357851
888, 2662576.248027157, 6517442.123230217
889, 2662634.509547662, 6517474.405202382
890, 2662680.6855763793, 6517514.161304953
891, 2662756.4489107304, 6517521.074305538
892, 2662831.133663551, 6517511.0034507485
893, 2661496.260334274, 6517372.674243064
894, 2661484.8450085376, 6517334.841658531
895, 2661412.45644758, 6517080.841021072
896, 2661362.940305949, 6516903.938625173
897, 2661330.02312984, 6516778.672294075
898, 2661323.6304108086, 6516753.702134068
899, 2656245.0362346102, 6518769.789598085
900, 2656229.8202502243, 6518790.940601314
901, 2656211.3571840725, 6518816.3923055725
902, 2656173.405183728, 6518868.709893606
903, 2656032.9013656345, 6518916.081080976
904, 2655566.859059198, 6519073.208323172
905, 2655398.7257634043, 6519084.25903803
906, 2655049.3013488026, 6519137.760485342
907, 2654732.868712394, 6519169.137623002
908, 2654588.783590823, 6519227.551180706
909, 2654444.5379768214, 6519275.04791047
910, 2654171.8785425685, 6519364.8283282025
911, 2654004.052984855, 6519420.089385777
912, 2653750.8840095764, 6519530.279012543
913, 2653465.0014829435, 6519654.699578771
914, 2653115.070611808, 6519892.465618733
915, 2652448.5670121014, 6520369.671112792
916, 2651702.106861413, 6521241.139057812
917, 2651273.4044125173, 6521894.8174224105
918, 2651014.7890673517, 6522544.063047533
919, 2650772.3888097503, 6523951.653175115
920, 2650695.8859673836, 6524569.190342417
921, 2650436.593458014, 6525374.37426262
922, 2650205.5978628574, 6525938.468216666
923, 2649939.418215762, 6526312.126313208
924, 2649734.218876256, 6526653.646851347
925, 2649571.668258348, 6527114.20856799
926, 2649555.1002313853, 6527509.300965829
927, 2649284.9702514256, 6527796.027741898
928, 2649029.8102281275, 6528012.010807735
929, 2647941.5653710696, 6528392.474904635
930, 2647295.530979505, 6528368.274851582
931, 2644911.583858341, 6529692.068047559
932, 2643393.9453721214, 6531355.423251196
933, 2643176.2136459225, 6531739.170486176
934, 2642919.856841693, 6532072.69076073
935, 2642660.3815710656, 6532410.247390829
936, 2642352.869366817, 6533007.389372582
937, 2641998.794474325, 6533436.380735645
938, 2641413.5055717616, 6534087.549026959
939, 2641004.7940703984, 6534653.233994688
940, 2640751.1570022884, 6535056.461832467
941, 2640549.8255133927, 6535926.134061838
942, 2640171.576421771, 6536918.035898864
943, 2639880.463787109, 6537277.353410419
944, 2639517.7710751863, 6537738.301535176
945, 2640839.1244130568, 6539694.205796404
946, 2640858.818482511, 6539809.558489236
947, 2640922.959448832, 6539840.185309246
948, 2641004.808757198, 6539959.409852296
949, 2641173.812207616, 6540111.080919983
950, 2641201.7095760508, 6540186.016319579
951, 2641414.6826305757, 6540368.078470899
952, 2641474.528296628, 6540445.652236492
953, 2641448.576306065, 6540540.7046992285
954, 2641429.4050129973, 6540621.861402417
955, 2641420.9115067516, 6540668.104669654
956, 2641410.1348676244, 6540704.063508497
957, 2641376.4058041596, 6540739.003875142
958, 2641409.688500849, 6540834.371800516
959, 2640251.0968106403, 6539175.621308323
960, 2640311.757686755, 6539222.143078705
961, 2640416.921056641, 6539302.815367045
962, 2640513.156101349, 6539382.21478727
963, 2640638.1524165655, 6539428.2083455995
964, 2640696.337007241, 6539453.798745633
965, 2640734.8248399002, 6539543.204277302
966, 2640786.058266624, 6539565.09448094
967, 2639928.0248109447, 6538284.5451709395
968, 2639906.8606467266, 6538262.09311277
969, 2639889.9991199938, 6538224.750497691
970, 2639867.1128972946, 6538206.80901679
971, 2639829.9286090983, 6538205.485377439
972, 2639781.485319536, 6538157.581280701
973, 2639766.691982597, 6538118.471018166
974, 2639697.4141298966, 6537971.8258796185
975, 2639645.294714455, 6537878.424453234
976, 2639602.645645023, 6537827.583330628
977, 2567339.630111303, 6498030.3709099395
978, 2567343.031475538, 6498049.0805017995
979, 2566820.4426153745, 6498160.830247096
980, 2566502.601908534, 6498227.941957778
981, 2566129.4262102046, 6498433.460621538
982, 2565740.4672920206, 6499704.9719967805
983, 2565580.7336581363, 6498934.311151762
984, 2565171.091253227, 6498506.321006476
985, 2565467.7194172004, 6498440.280111585
986, 2565073.734543616, 6499777.265000659
987, 2564950.281591557, 6499212.319510165
988, 2564813.6384534296, 6498544.711006901
989, 2564553.7613358474, 6497277.916397456
990, 2565053.3342523603, 6499811.076168471
991, 2565480.6591044283, 6498456.966403197
992, 2565084.933296377, 6499956.130896308
993, 2565197.0968395555, 6500502.875474971
994, 2565027.8503548093, 6499868.050323336
995, 2563751.187918419, 6500118.397941604
996, 2563511.370631653, 6499042.894760595
997, 2563494.7439160547, 6498959.779671688
998, 2563481.38792156, 6498891.218936061
999, 2563071.2356296373, 6499737.841379036
1000, 2562995.6742576007, 6499768.065918605
1001, 2565320.7724778005, 6499808.0897030635
1002, 2565097.2238293625, 6499857.572872385
1003, 2565742.4885130515, 6499714.741583649
1004, 2565779.43777282, 6499704.477881082
1005, 2566250.360148323, 6499737.674957712
1006, 2565341.475763436, 6501179.614188723
1007, 2565438.965565953, 6501661.485335591
1008, 2565492.589397053, 6501907.71127476
1009, 2565497.037404425, 6501924.016156832
1010, 2565361.496567223, 6501416.472267177
1011, 2565388.3835703507, 6501411.171574441
1012, 2565029.424017822, 6501543.815788611
1013, 2565017.834317874, 6501487.431938567
1014, 2565092.0505930814, 6501852.991123218
1015, 2565094.19140805, 6501863.252397011
1016, 2565500.388186094, 6501922.206255411
1017, 2565516.6663658493, 6501913.413775612
1018, 2565528.477794343, 6501901.481504664
1019, 2565692.712474486, 6501735.566543308
1020, 2565811.305061773, 6501616.857206466
1021, 2565636.1468174155, 6502475.73497869
1022, 2565525.682080551, 6501955.723311257
1023, 2565653.671604706, 6502558.225236853
1024, 2564399.325099506, 6502683.411173619
1025, 2562805.3339533275, 6504391.755765041
1026, 2562781.6242861394, 6503669.470782837
1027, 2562737.9658428966, 6503647.408432727
1028, 2562691.6004256234, 6503618.437894519
1029, 2562500.2751985253, 6503504.279983685
1030, 2562505.3885560664, 6504549.9292871
1031, 2562203.9266739716, 6504614.765556716
1032, 2562207.6367998784, 6504660.021101919
1033, 2562182.545620998, 6504668.122976873
1034, 2562190.370258276, 6504715.050650536
1035, 2562823.4023177726, 6504411.473704366
1036, 2564236.4110651533, 6502474.811151726
1037, 2565732.334808432, 6502930.270612497
1038, 2565674.959800129, 6502643.776486335
1039, 2565335.745981168, 6502077.4276041025
1040, 2565384.42325264, 6502028.643512249
1041, 2565484.525131082, 6501932.825953393
1042, 2563703.86244674, 6502833.012638209
1043, 2563946.6375943464, 6502788.963453575
1044, 2564209.7399831736, 6502727.949461826
1045, 2563042.668835335, 6503721.074406445
1046, 2565040.1986232796, 6502355.610107908
1047, 2565064.1513055414, 6502334.183145606
1048, 2565264.858019888, 6502131.791727879
1049, 2564954.6983293723, 6502424.016277542
1050, 2564270.420396365, 6502650.981918032
1051, 2564280.9737533703, 6502711.524638135
1052, 2564150.258170457, 6502028.532999899
1053, 2563868.431211184, 6501831.49352802
1054, 2563394.384430069, 6501571.579675681
1055, 2563315.8020710135, 6501588.910490106
1056, 2563327.811409043, 6500899.897883443
1057, 2563328.3871778008, 6500879.445165814
1058, 2563013.1970894434, 6506360.058558172
1059, 2562617.360284667, 6506473.007318623
1060, 2562034.531782701, 6506652.649749086
1061, 2564492.150484965, 6505465.8529680725
1062, 2564819.5238125217, 6505399.236650802
1063, 2565059.4307056223, 6506260.636914971
1064, 2564855.376238021, 6505407.888558863
1065, 2565378.2787428163, 6505278.388779858
1066, 2564808.502576514, 6505188.793643969
1067, 2564514.946436325, 6504049.187394327
1068, 2564707.1691796933, 6504007.907652336
1069, 2565121.0490090027, 6503921.311917999
1070, 2565853.053257415, 6503766.306427294
1071, 2565887.31306971, 6503758.854257725
1072, 2565871.369149944, 6503762.321088295
1073, 2565862.331561933, 6503707.310462475
1074, 2565889.627675177, 6503686.093271221
1075, 2565881.6444047336, 6503809.400650337
1076, 2563609.48445995, 6506064.091028905
1077, 2563583.858917004, 6506101.0841289135
1078, 2563506.3426694535, 6506187.622274346
1079, 2563475.2019999283, 6506215.004581169
1080, 2563439.6485001286, 6506233.312936958
1081, 2563398.3614536664, 6506255.5480526285
1082, 2563541.4868158465, 6506777.393033771
1083, 2566264.8907059943, 6505510.033862351
1084, 2566373.1544450177, 6506047.028583434
1085, 2566440.827149893, 6506363.500038701
1086, 2567002.6888961946, 6505750.35157919
1087, 2566873.9750137865, 6504994.579540704
1088, 2567434.5074739493, 6504877.926171576
1089, 2567502.175461476, 6504864.062697371
1090, 2569027.5838803365, 6504564.20623263
1091, 2569099.0113839745, 6504561.539551702
1092, 2569136.1903202618, 6504557.791010905
1093, 2569250.115772889, 6504554.191143723
1094, 2569267.5041848025, 6504530.981378841
1095, 2569401.7030202993, 6504543.110055016
1096, 2569471.064867699, 6504537.526646457
1097, 2569598.9967036108, 6504526.666988399
1098, 2569738.9540956686, 6504537.528780554
1099, 2569807.0217536134, 6504586.963527309
1100, 2567427.5929449033, 6504656.584893574
1101, 2567442.016892977, 6504727.158851905
1102, 2566569.133742743, 6502262.156468032
1103, 2566919.325350434, 6502170.435877148
1104, 2566701.505671244, 6501125.354893359
1105, 2566691.8219647026, 6501136.789191415
1106, 2566705.496218841, 6501206.495209929
1107, 2566500.825681034, 6501110.448793288
1108, 2566685.292713237, 6501049.081301771
1109, 2566674.6528938846, 6500988.934096679
1110, 2566610.521850548, 6500827.6939839935
1111, 2566640.983626702, 6500849.948891085
1112, 2566215.335767717, 6501195.776848071
1113, 2566311.13733354, 6501107.790287689
1114, 2566411.632300473, 6500996.467421211
1115, 2566478.977980174, 6500927.635816617
1116, 2566526.544336778, 6500897.170177367
1117, 2566547.2137025073, 6500890.654604207
1118, 2566075.8589678663, 6501333.838450763
1119, 2566143.144787324, 6501265.055550796
1120, 2566174.9181506145, 6501235.674238742
1121, 2566006.1404837416, 6501404.472553115
1122, 2566088.1341126314, 6501342.759087206
1123, 2567212.0777747496, 6499403.377330093
1124, 2566820.764605732, 6499486.481783357
1125, 2567047.464096412, 6499438.457558795
1126, 2566415.5648247944, 6499755.005477192
1127, 2566403.954737316, 6499758.849535575
1128, 2564204.3315232447, 6497340.135520763
1129, 2563511.4853106556, 6497483.613595135
1130, 2563228.035615492, 6497506.428181872
1131, 2563225.9373691077, 6497490.986003214
1132, 2564506.165141747, 6497046.44820993
1133, 2564548.8185051084, 6497252.701882813
1134, 2564384.1552627557, 6496455.121157027
1135, 2564735.851659776, 6495873.490098834
1136, 2564279.849701357, 6495938.404610644
1137, 2564137.0304067577, 6495256.987238567
1138, 2564039.92318892, 6494782.202127051
1139, 2564024.9948019595, 6494710.684748028
1140, 2564024.273906325, 6494707.30902735
1141, 2563775.997094007, 6493433.603890496
1142, 2565328.4759121602, 6494434.648287607
1143, 2566857.3734907103, 6495427.339431761
1144, 2566682.9527230775, 6495452.752922612
1145, 2566668.425277136, 6495473.632788953
1146, 2566201.3237925726, 6495562.575874894
1147, 2565648.152624378, 6495676.116715313
1148, 2565436.9287207625, 6495024.162910157
1149, 2565592.511161045, 6495715.53825772
1150, 2565017.4252949585, 6496460.066372317
1151, 2564401.0859725634, 6496539.187635892
1152, 2565716.897216943, 6496356.821389067
1153, 2565484.1389870085, 6497067.580401318
1154, 2564788.2394795595, 6497219.123027055
1155, 2565875.281968636, 6496989.643389247
1156, 2566467.3729084698, 6496867.1989893755
1157, 2565945.1513537844, 6496974.888841175
1158, 2565135.955392791, 6493147.513701802
1159, 2566070.15401889, 6492959.182269465
1160, 2565657.9233286083, 6493042.262925675
1161, 2566268.1559162755, 6492912.723506119
1162, 2566338.958136291, 6492898.75356927
1163, 2567605.489350255, 6492637.399722735
1164, 2566922.7977923346, 6492783.633707209
1165, 2567633.780711867, 6492631.389165003
1166, 2567705.229426587, 6492616.210345465
1167, 2568908.9517273065, 6492375.0396829285
1168, 2569013.0738936737, 6492867.900969997
1169, 2568917.379334675, 6492366.75900308
1170, 2569471.3704455392, 6492234.69609662
1171, 2569703.1748419763, 6492183.111785473
1172, 2569721.703894676, 6492179.208573169
1173, 2570472.1885920498, 6491989.439468693
1174, 2571210.8850225247, 6491864.089832546
1175, 2570949.4648305955, 6491917.6825911375
1176, 2572917.0422552475, 6492161.212642939
1177, 2572800.546306614, 6491540.478869483
1178, 2571478.656927131, 6491817.67725361
1179, 2565675.8809873415, 6494360.917020683
1180, 2566504.179607443, 6494191.000623881
1181, 2566630.9995608265, 6494161.997844526
1182, 2566826.7681423235, 6494123.653078746
1183, 2567519.9720210168, 6493987.521707468
1184, 2566483.5626410865, 6493685.639655295
1185, 2567369.9629201014, 6497986.651389123
1186, 2567391.6997659355, 6497982.045656131
1187, 2567404.2959790877, 6498023.268593797
1188, 2567559.6399630453, 6497990.370113236
1189, 2567627.5416423227, 6497975.9900129
1190, 2568237.5909978296, 6497849.085262544
1191, 2568338.3335588854, 6497827.894426817
1192, 2568550.2905139485, 6497783.339051104
1193, 2568697.5671447273, 6497752.4045243105
1194, 2568701.8222792414, 6497751.511062842
1195, 2568917.7887787293, 6497705.402209887
1196, 2569121.4463112843, 6497659.170903312
1197, 2569032.638784623, 6497552.284795469
1198, 2569077.1647553886, 6497477.755326903
1199, 2569382.028406838, 6497604.819624126
1200, 2569392.142238559, 6497602.679454605
1201, 2569842.7395848827, 6497517.082108742
1202, 2569850.444225547, 6497515.126873568
1203, 2569902.42036666, 6497503.151633109
1204, 2569903.4145864975, 6497508.449687125
1205, 2569255.663924076, 6497329.763655244
1206, 2569188.0883081695, 6496960.057912699
1207, 2569290.6583780097, 6497216.934359465
1208, 2569028.92061985, 6497245.998770919
1209, 2568935.512862105, 6497687.477522573
1210, 2568911.385524354, 6497570.556959797
1211, 2568685.0457137236, 6497616.924152568
1212, 2568674.6334468825, 6497738.326509656
1213, 2568650.332511917, 6497624.03512518
1214, 2568669.4436278413, 6497713.916207273
1215, 2568642.8133454802, 6497586.11065515
1216, 2568617.425451119, 6497458.069977741
1217, 2568581.355070793, 6497271.192963688
1218, 2568291.9457265334, 6497339.193826207
1219, 2568484.700000308, 6497206.407256978
1220, 2568461.0408089724, 6497210.893640278
1221, 2568579.8132814486, 6497262.818413864
1222, 2568660.761910482, 6496926.397482775
1223, 2568712.975858151, 6497288.2100326335
1224, 2568735.6135632517, 6497413.54052034
1225, 2568485.08132717, 6497906.612945747
1226, 2568453.066734254, 6497780.977551628
1227, 2568426.914572906, 6497650.860598433
1228, 2568243.4690917, 6497876.431381816
1229, 2568276.4939090763, 6498046.053172773
1230, 2568307.920436254, 6498201.56654743
1231, 2568370.423770817, 6498185.928813317
1232, 2568234.765413235, 6497834.947303868
1233, 2568201.317507519, 6497667.61214491
1234, 2567370.118698882, 6497987.139963285
1235, 2567372.5592911183, 6497999.318329228
1236, 2567376.7038087873, 6498020.002360451
1237, 2567430.784160133, 6498031.558474112
1238, 2567583.105656446, 6497999.423663083
1239, 2567605.0952581097, 6497994.291148729
1240, 2567645.22024731, 6497985.974691529
1241, 2567711.9431868778, 6497971.000939033
1242, 2567714.027800035, 6498176.883816344
1243, 2568010.41343825, 6497907.159739992
1244, 2568032.957762008, 6497891.651761968
1245, 2568053.3559440067, 6497991.233141673
1246, 2568332.4444745565, 6497845.412914194
1247, 2568465.0409674053, 6497814.876636876
1248, 2568653.555161231, 6497775.193666847
1249, 2567744.4250279265, 6498319.399048144
1250, 2567806.794557867, 6498610.556155479
1251, 2567878.0766856717, 6498952.235197542
1252, 2567886.187541908, 6498994.635495089
1253, 2567734.961534315, 6499200.390018002
1254, 2567762.3316446715, 6499191.751672616
1255, 2567917.7621468827, 6498154.119438256
1256, 2568179.9200484715, 6498589.36482189
1257, 2568193.3752234173, 6498656.180529268
1258, 2568295.4593877033, 6499156.204832112
1259, 2568163.8117528353, 6498505.3965526065
1260, 2568166.02519991, 6498516.933989675
1261, 2568330.5560953314, 6498841.540968533
1262, 2568608.6584764956, 6498001.163503373
1263, 2568664.3089724514, 6498267.017844242
1264, 2568569.173701102, 6498640.542066944
1265, 2568850.6130733155, 6498613.393899913
1266, 2568857.5169615066, 6498648.998955971
1267, 2568598.372110479, 6498785.137652433
1268, 2568840.7658997015, 6498026.64534411
1269, 2568997.1042905194, 6497910.1349203065
1270, 2569066.570682371, 6497895.686317347
1271, 2569063.480430833, 6498144.094979619
1272, 2569386.5747864274, 6497641.108607908
1273, 2567545.7835865724, 6498729.59776456
1274, 2567545.015291443, 6498984.3940886855
1275, 2567251.952715322, 6499045.703933328
1276, 2567497.456467583, 6498994.284651209
1277, 2567481.665655157, 6498921.2334155245
1278, 2567637.7208260493, 6499308.176921483
1279, 2567409.117774615, 6499268.570368307
1280, 2567414.3300802894, 6499291.288081339
1281, 2567603.756616293, 6499321.529630539
1282, 2567604.8519342477, 6499349.052939998
1283, 2567489.60852057, 6499346.050277196
1284, 2567695.7359369546, 6499326.462677526
1285, 2567552.43526822, 6499434.068762764
1286, 2567520.2787724184, 6499480.101939448
1287, 2567490.0626164633, 6499525.631615508
1288, 2567700.62933737, 6499463.786115704
1289, 2567731.661018128, 6499605.281099713
1290, 2567743.3806462134, 6499658.241943503
1291, 2567592.350784554, 6499697.308066932
1292, 2567277.714445933, 6499841.111387299
1293, 2567273.5958797685, 6499838.297615934
1294, 2567254.689629592, 6499887.206232366
1295, 2567201.7141095824, 6499971.203632424
1296, 2567188.582151419, 6499992.025366645
1297, 2567163.016945659, 6500031.165876083
1298, 2567102.172376551, 6500119.245997473
1299, 2567446.571502803, 6500701.21990628
1300, 2567893.8246906563, 6500604.739409637
1301, 2567899.560749159, 6500627.603196004
1302, 2567949.5907384465, 6500616.200968602
1303, 2568258.609459734, 6500549.380844971
1304, 2567906.7027571495, 6500659.490441542
1305, 2568074.847802313, 6501405.577192173
1306, 2568141.24960051, 6501677.502116674
1307, 2568667.412070641, 6501812.879582853
1308, 2567957.6085217474, 6499269.199118302
1309, 2568277.6485410947, 6499166.071042809
1310, 2568318.075314112, 6499210.526234424
1311, 2568452.873013234, 6499817.052995404
1312, 2568519.794756389, 6500175.110419346
1313, 2568512.738725379, 6500143.382890054
1314, 2568580.1376129156, 6500446.443039575
1315, 2568595.0772079583, 6500454.702756457
1316, 2567603.9801234645, 6502041.383701539
1317, 2568598.606692779, 6500476.171611075
1318, 2568734.2522725346, 6500446.221606457
1319, 2568414.7003684775, 6499174.617569618
1320, 2568427.9349216777, 6499171.975710305
1321, 2568726.0989327584, 6499108.47166911
1322, 2568853.4583863015, 6499051.7413011035
1323, 2568957.1755559454, 6499050.154234034
1324, 2569029.2932059704, 6499035.109848816
1325, 2568941.67857518, 6499068.94858185
1326, 2568945.0995688033, 6499086.594197358
1327, 2569098.2722637076, 6499834.443492444
1328, 2569088.0239955545, 6499850.23395209
1329, 2568661.126318244, 6499937.8476974545
1330, 2569728.184615226, 6500233.214649617
1331, 2570955.9963697274, 6499973.098825188
1332, 2570583.9813482584, 6498709.811931185
1333, 2570811.9624729822, 6498633.588434275
1334, 2570787.302841203, 6498517.386724605
1335, 2570875.5551703777, 6501797.240368758
1336, 2571738.5826792354, 6501162.773314314
1337, 2571273.6523093274, 6500883.484478391
1338, 2595650.5719596557, 6488603.53165912
1339, 2595724.2596249026, 6488634.299331903
1340, 2595822.2466082727, 6488663.486480372
1341, 2595898.1479802765, 6488680.131621594
1342, 2595962.0347219543, 6488670.565794317
1343, 2596180.1629887344, 6488592.853519274
1344, 2596408.8664943697, 6488505.204136567
1345, 2596540.7865901957, 6488433.519851202
1346, 2596564.845771623, 6488489.498949603
1347, 2596776.350990366, 6488388.13716831
1348, 2596940.9505289984, 6488345.482249448
1349, 2597086.406555545, 6488319.207588718
1350, 2597255.9738783697, 6488290.019337598
1351, 2597428.127729925, 6488271.944660295
1352, 2597600.164696238, 6488244.522252182
1353, 2597812.6262323963, 6488200.89481239
1354, 2598013.0249307547, 6488082.620344756
1355, 2598198.994168712, 6487962.549234127
1356, 2598275.9513341505, 6487906.452543162
1357, 2598390.5672107926, 6487827.224601788
1358, 2598511.594105761, 6487767.640942869
1359, 2598690.6601533596, 6487736.116632082
1360, 2598816.3652176945, 6487664.8834079495
1361, 2598945.145715382, 6487524.13549565
1362, 2599071.9314648504, 6487412.036647958
1363, 2599153.7068964005, 6487339.734067652
1364, 2599226.000996655, 6487296.95607017
1365, 2599326.008331471, 6487251.392135718
1366, 2599442.7733702217, 6487260.158987733
1367, 2599603.4725285396, 6487274.618093565
1368, 2599830.14725283, 6487307.997625217
1369, 2600163.1072370745, 6487349.123353562
1370, 2600296.5287490385, 6487376.756720068
1371, 2600480.107028089, 6487391.352685409
1372, 2600634.673643027, 6487374.721461271
1373, 2600820.801177716, 6487355.58670444
1374, 2600957.6956227496, 6487338.647375353
1375, 2601174.017914154, 6487347.239834041
1376, 2601241.3308307417, 6487364.665925084
1377, 2601311.645305122, 6487361.013813308
1378, 2601437.3121460997, 6487321.67460432
1379, 2601578.3094142494, 6487280.931898298
1380, 2601737.0499081286, 6487246.587867865
1381, 2601873.4786815634, 6487226.421711977
1382, 2601975.8857471016, 6487188.04816843
1383, 2602153.02083032, 6487114.6910964595
1384, 2602242.2584807235, 6487084.27256909
1385, 2602364.844158633, 6487037.347721413
1386, 2602793.432158351, 6486878.377801023
1387, 2603110.1888346355, 6486758.74819862
1388, 2603366.46194568, 6486673.154985937
1389, 2603462.8859284325, 6486655.672097523
1390, 2603888.2879127227, 6486636.397584768
1391, 2604205.9954920276, 6486629.030762345
1392, 2604717.75465714, 6486610.297790835
1393, 2604847.161664259, 6486605.244343281
1394, 2605280.4277382023, 6486739.595515285
1395, 2605579.7251403434, 6486816.35574999
1396, 2606051.0116247907, 6486985.391574435
1397, 2606180.5896394625, 6487104.63270613
1398, 2606301.8771542897, 6487138.439462291
1399, 2606367.6468199524, 6487123.4354253085
1400, 2606432.543976563, 6487095.9473527605
1401, 2606484.130623812, 6487092.374673081
1402, 2596106.301923904, 6488585.859518234
1403, 2596094.4354106057, 6488569.210979517
1404, 2596051.1399656697, 6488521.882534126
1405, 2596072.7147697047, 6488494.160225736
1406, 2596328.2442665356, 6488087.177436299
1407, 2596347.860092817, 6488017.049238035
1408, 2596392.4245871175, 6487775.382280338
1409, 2596411.1223224225, 6487587.587088834
1410, 2596451.9187946813, 6487407.491967874
1411, 2596434.2143619303, 6486785.0889425315
1412, 2596423.2683250923, 6486293.621181425
1413, 2596390.2737142094, 6486000.603746499
1414, 2596252.97070563, 6485709.168843264
1415, 2596182.2459127153, 6485441.314928067
1416, 2596108.671041538, 6485217.278774607
1417, 2596015.101506123, 6484911.243689339
1418, 2596001.482158782, 6484760.279940624
1419, 2595981.1004034784, 6484581.133563876
1420, 2595932.9326516036, 6484398.37021748
1421, 2595872.002371024, 6484300.55931863
1422, 2595772.483783416, 6484179.622785036
1423, 2595721.7515713987, 6484071.574537149
1424, 2595642.5379649005, 6484033.352468564
1425, 2595560.078948525, 6483972.113860705
1426, 2595489.4172311802, 6483961.909049052
1427, 2607321.8722968255, 6487970.6085894145
1428, 2607419.2854708727, 6488073.178559409
1429, 2608669.4925594595, 6489387.605705578
1430, 2610729.1665901695, 6491547.659730193
1431, 2612065.8991037807, 6492947.618176817
1432, 2612338.3686761563, 6493236.303547314
1433, 2616365.7170694773, 6497462.470717548
1434, 2616441.261292671, 6497399.569654298
1435, 2621261.256031011, 6502462.025662965
1436, 2621480.1288635368, 6502644.761907773
1437, 2621433.79317216, 6502728.016435833
1438, 2622283.1931522107, 6503179.015246697
1439, 2623133.567848091, 6503640.764777638
1440, 2623818.007604906, 6504009.998825309
1441, 2624064.8127955394, 6504045.52565901
1442, 2624957.774319221, 6503773.019892752
1443, 2625233.062520394, 6503679.915982006
1444, 2625637.168746463, 6503568.666182267
1445, 2627052.9438722352, 6503122.995783439
1446, 2627265.8411529963, 6503062.008778462
1447, 2627360.8510598755, 6503020.394466512
1448, 2627582.7393621923, 6502870.3199133035
1449, 2627600.3388513783, 6502855.84610571
1450, 2627654.818129976, 6502846.709212531
1451, 2625618.709510722, 6503852.664204203
1452, 2625798.695094406, 6503963.418414854
1453, 2625986.7347896276, 6504069.293111112
1454, 2626160.69546921, 6504161.557245165
1455, 2626432.5541604264, 6504305.7365705315
1456, 2626529.037053453, 6504356.904201601
1457, 2627723.9505597134, 6502859.385493117
1458, 2627687.019362945, 6502910.622205053
1459, 2627659.8402171573, 6503048.750363455
1460, 2627535.439708288, 6503679.441078277
1461, 2627495.435557909, 6503868.248113624
1462, 2627486.225467013, 6503921.440334744
1463, 2627475.0944762127, 6503988.45080725
1464, 2627489.9187764833, 6504102.958766271
1465, 2627522.8028001487, 6504257.117737444
1466, 2627535.466736261, 6504315.584821742
1467, 2627531.1278582364, 6504391.330096584
1468, 2627521.9936922765, 6504416.123436717
1469, 2627497.1475350726, 6504473.922789669
1470, 2627445.6734671113, 6504561.854144799
1471, 2627379.0303145507, 6504684.526056468
1472, 2627344.949158242, 6504753.300911608
1473, 2627338.358187991, 6504767.282797529
1474, 2627325.3810415426, 6504786.96664435
1475, 2627353.3926879363, 6504800.9152741255
1476, 2627479.421625215, 6504865.655125334
1477, 2627486.883734402, 6504877.958641904
1478, 2627545.0419965517, 6504906.211200457
1479, 2627510.769979513, 6504993.245739873
1480, 2627425.9463097067, 6505153.26124863
1481, 2627321.053258839, 6505100.431541613
1482, 2653080.818433555, 6512366.640465988
1483, 2653223.5226982073, 6512490.800389591
1484, 2653534.0202267272, 6512664.7728341
1485, 2653682.3876402862, 6512750.490332322
1486, 2653940.8434100384, 6512855.224975353
1487, 2654490.2986232266, 6513289.223171177
1488, 2654589.234293792, 6513426.512405545
1489, 2655558.035691992, 6514142.304195929
1490, 2656167.9653032054, 6514714.981614767
1491, 2656321.9091859246, 6514914.423829037
1492, 2656359.7718382543, 6515048.067035237
1493, 2656550.5236648745, 6515388.803309232
1494, 2656563.8935884126, 6516305.097727208
1495, 2656601.5872746226, 6516854.052999086
1496, 2656561.3995846505, 6516880.270925463
1497, 2656638.1170075196, 6516995.43419557
1498, 2656694.37782692, 6517109.235318154
1499, 2656712.7374886842, 6517254.503945721
1500, 2656725.145522356, 6517352.680363749
1501, 2656708.736929401, 6517428.0728172595
1502, 2656670.8629417075, 6517602.08942399
1503, 2656605.4079623227, 6517711.227395699
1504, 2656572.3909432595, 6517770.136965989
1505, 2656594.0964299655, 6517780.98215468
1506, 2656555.833111285, 6517948.327770936
1507, 2656407.410989832, 6518541.099517634
1508, 2571725.4886197313, 6492735.448712023
1509, 2566664.9106336613, 6497829.150913749
1510, 2568987.5415219665, 6496556.848763768
1511, 2569017.4542427314, 6496693.738782899
1512, 2568951.3318099584, 6496707.432115425
1513, 2567100.224856779, 6500117.845144796
1514, 2567089.7932977215, 6500110.341715237
1515, 2567271.6835261704, 6499840.59608324
1516, 2568308.0129477405, 6499193.198049053
1517, 2568029.088098996, 6497874.396542735
1518, 2568014.761025795, 6497805.9590016
1519, 2567779.6904573347, 6497705.831784526
1520, 2567568.499125404, 6497977.61301825
1521, 2567533.72856748, 6497810.584490439
1522, 2661413.1819693684, 6516295.378871144
1523, 2661429.177791209, 6516237.751262043
1524, 2661456.6620609486, 6516138.56047844
1525, 2661559.3831290584, 6515905.59180236
1526, 2661704.3490502234, 6515561.348572746
1527, 2565876.209221955, 6503621.6170214135
1528, 2568136.767322913, 6499200.866273543
1529, 2639241.1225162367, 6537576.616654497
1530, 2639014.8009364232, 6537430.541370048
1531, 2638797.579202091, 6537316.624087131
1532, 2638400.1640959643, 6537209.746132836
1533, 2638076.410755503, 6537127.496582268
1534, 2637983.7117901547, 6537110.196885564
1535, 2637750.1174774272, 6537126.23275429
1536, 2637458.8271622667, 6536998.627822717
1537, 2637099.0405151565, 6536941.446579163
1538, 2636565.748806684, 6536862.545755438
1539, 2635918.4301823783, 6536707.136426665
1540, 2635759.4658436496, 6536646.861788114
1541, 2635466.3812847477, 6536502.0284164585
1542, 2635327.507007477, 6536433.17732223
1543, 2634883.7147840476, 6536223.941418217
1544, 2633785.4193680203, 6535914.480786189
1545, 2569433.076710842, 6497937.203776639
1546, 2569444.4090336245, 6497975.278166333
1547, 2569413.4154703245, 6497999.466750412
1548, 2566556.4824555423, 6500519.317417707
1549, 2566560.394013615, 6500518.6787659405
1550, 2567703.454984, 6497327.14078764
1551, 2567723.8079089425, 6497452.379561626
1552, 2565034.788549488, 6501483.719290505
1553, 2565419.899492696, 6501665.628030988
1554, 2565377.7689682483, 6501673.463683011
1555, 2574170.186870862, 6497434.3472601045
1556, 2563906.671274595, 6496032.571996834
1557, 2567337.8023389145, 6498021.02196445
1558, 2567330.874236826, 6497983.18468575
1559, 2574811.4260548777, 6495067.669109024
1560, 2565991.614150564, 6497669.195988389
1561, 2565968.7300146604, 6497657.531163882
1562, 2566312.784728725, 6497602.422838314
1563, 2569100.959500169, 6499847.579043533
1564, 2569126.9074036293, 6499974.082654792
1565, 2569187.59181243, 6500346.137510293
1566, 2569208.776142443, 6500359.6183428755
1567, 2569515.96547074, 6501660.369161369
1568, 2570042.9947004365, 6501520.60479412
1569, 2568974.0256117554, 6498719.581934272
1570, 2569268.839618165, 6498640.873390749
1571, 2569261.695308802, 6498604.09133981
1572, 2569257.451600578, 6498582.160344761
1573, 2569304.0878492435, 6498806.739590571
1574, 2569333.2549871965, 6498944.29000741
1575, 2569312.0370514877, 6498844.084500536
1576, 2569273.1992041315, 6498984.226980789
1577, 2569338.8125912654, 6498970.538931526
1578, 2569248.35335152, 6500532.589158167
1579, 2570361.967728762, 6499493.885491617
1580, 2565965.2157964525, 6497654.958411592
1581, 2565590.2949880417, 6497735.457380646
1582, 2565463.7647745535, 6497762.586867484
1583, 2567333.4193132184, 6497994.484687742
1584, 2567343.78870186, 6497992.261785137
1585, 2567400.215941797, 6498024.132657046
1586, 2563275.936742035, 6502940.135357235
1587, 2564878.518395349, 6501909.605292415
1588, 2565703.6857418413, 6502936.972944186
1589, 2567637.5327009386, 6492649.206569842
1590, 2568756.2662376487, 6495052.34578123
1591, 2569060.6212277454, 6494991.982738646
1592, 2569540.772583831, 6495364.242276612
1593, 2570094.27183735, 6494773.724684623
1594, 2570159.812399087, 6495112.887262384
1595, 2566280.642452009, 6497458.856156283
1596, 2566566.334365059, 6497350.810074516
1597, 2567116.2525053006, 6500771.020725523
1598, 2567938.045884159, 6500618.832131546
1599, 2569050.353136223, 6504157.664436935
1600, 2569086.882283237, 6504066.138943017
1601, 2569235.707467644, 6503810.382670694
1602, 2569422.925556086, 6503508.064684559
1603, 2569540.1929399134, 6503381.408155105
1604, 2569753.489182345, 6503246.188948092
1605, 2569832.3337084153, 6503200.516615923
1606, 2568710.315766672, 6499032.639330141
1607, 2627188.784851472, 6505029.364901901
1608, 2627158.2109408295, 6505031.356251628
1609, 2627041.478107155, 6504968.531978694
1610, 2626881.152660551, 6504887.838790527
1611, 2626935.4268426695, 6504782.216786084
1612, 2656480.2488606945, 6518138.808632844
1613, 2656418.84486193, 6518237.90859474
1614, 2656361.6574415234, 6518337.180711245
1615, 2656352.6372605655, 6518341.704805175
1616, 2656329.9942864, 6518351.730205433
1617, 2656299.703369431, 6518421.707440525
1618, 2656280.3708840352, 6518474.8115826
1619, 2656315.2859017323, 6518492.694625448
1620, 2656340.110535153, 6518509.56995979
1621, 2568085.391693007, 6498146.296777917
1622, 2571915.9453547252, 6503423.040265192
1623, 2568364.0646489523, 6499490.27996419
1624, 2567379.7427241853, 6498045.216966523
1625, 2567410.592416192, 6498036.232978179
1626, 2574666.290549168, 6496173.277591284
1627, 2566158.8869272554, 6501136.02682689
1628, 2568976.4449005136, 6497062.587890578
1629, 2567732.666108152, 6499682.106385488
1630, 2567776.4338689162, 6499890.198594575
1631, 2567804.9070057357, 6499884.414200816
1632, 2595547.083557443, 6488058.819064799
1633, 2595567.7370850523, 6488179.2752188025
1634, 2595838.891849681, 6488135.649937834
1635, 2595835.0499077993, 6488109.82518719
1636, 2568901.74215249, 6498639.1759598395
1637, 2569019.933061114, 6498612.803073461
1638, 2568984.5192409805, 6498429.302357083
1639, 2569215.215343644, 6498383.47924444
1640, 2569480.132926821, 6498329.425655133
1641, 2569486.7814162904, 6498358.7634173045
1642, 2565752.2630348043, 6499760.353264727
1643, 2565827.5949803223, 6500111.881120601
1644, 2567838.904623048, 6499041.735644062
1645, 2571812.9425682314, 6497110.861355432
1646, 2571801.920634287, 6497040.51889809
1647, 2571781.557197134, 6496916.407174289
1648, 2570363.460940656, 6497563.043901789
1649, 2661789.734783788, 6515629.870674282
1650, 2665530.81126097, 6516627.008459536
1651, 2661721.840619807, 6515519.812228506
1652, 2661870.3581067217, 6515142.723036128
1653, 2661991.3637373475, 6514817.271446224
1654, 2662728.816910777, 6514319.342638713
1655, 2664033.2451485144, 6513101.048905124
1656, 2664625.3015131266, 6513065.788823356
1657, 2665062.0908526457, 6512727.318297894
1658, 2665549.6621992025, 6512063.519794712
1659, 2665786.3567869435, 6511745.6252824925
1660, 2666680.557467084, 6510764.31746001
1661, 2667086.4736861936, 6510609.42275992
1662, 2667377.6922656917, 6510309.57806754
1663, 2667582.664850658, 6510046.0391537445
1664, 2667794.330101738, 6509448.433148568
1665, 2668203.3474083184, 6508885.911496827
1666, 2668835.6362666134, 6508345.86899674
1667, 2669366.139425453, 6507946.732057653
1668, 2669987.1352354735, 6507484.657001549
1669, 2670520.37305555, 6507093.04361104
1670, 2670961.123619014, 6506618.235361167
1671, 2671344.329631848, 6506228.586445644
1672, 2671871.5594705376, 6505823.020605163
1673, 2673147.7444137493, 6505647.079733388
1674, 2673730.9028085265, 6505193.412437392
1675, 2568883.2221607063, 6497254.052568354
1676, 2568445.2751424015, 6499907.1215836285
1677, 2592065.550000423, 6487562.972805237
1678, 2592109.604367329, 6487603.18956292
1679, 2592146.509501456, 6487642.057960079
1680, 2592229.0055157375, 6487730.692064404
1681, 2592329.7718513953, 6487834.439215829
1682, 2592412.231826606, 6487917.264811569
1683, 2592439.7351853494, 6487949.509654641
1684, 2592494.0278855753, 6487978.821115183
1685, 2592540.9727270664, 6487997.696068168
1686, 2592593.262989631, 6488023.53697471
1687, 2592669.9157529534, 6488073.997299847
1688, 2592748.4433454517, 6488173.694216022
1689, 2592789.798856411, 6488225.905500817
1690, 2592857.6996182944, 6488302.799105546
1691, 2592888.404948453, 6488337.571079461
1692, 2592915.95733545, 6488369.9490597565
1693, 2592956.2750802333, 6488414.819922646
1694, 2593025.749658043, 6488487.028608107
1695, 2593066.642228459, 6488505.987933557
1696, 2593085.6202420034, 6488514.786850615
1697, 2593145.658863073, 6488508.485192645
1698, 2593189.8905812036, 6488495.9891149625
1699, 2593267.437468026, 6488483.439716217
1700, 2593388.1265997486, 6488450.825299574
1701, 2593518.6796047417, 6488439.830089651
1702, 2593657.5080268374, 6488430.779995283
1703, 2593720.665314956, 6488437.288824132
1704, 2593780.505407087, 6488449.867189099
1705, 2593860.029817502, 6488460.845685332
1706, 2593942.28712024, 6488466.87054084
1707, 2593992.123164853, 6488449.0134257255
1708, 2594071.321865843, 6488410.809477714
1709, 2594090.6798860068, 6488401.091651278
1710, 2594217.0760496976, 6488317.343293804
1711, 2594292.602775076, 6488273.440678461
1712, 2594358.23039693, 6488251.548591575
1713, 2594474.8914492615, 6488235.868737942
1714, 2594626.778880216, 6488225.9085513335
1715, 2594793.6219027666, 6488221.173792224
1716, 2594873.641462704, 6488221.45449568
1717, 2594946.2887239773, 6488221.103851855
1718, 2595004.3243122427, 6488230.258799822
1719, 2595058.929107883, 6488245.358180877
1720, 2595138.2026353315, 6488285.917539168
1721, 2595235.0880306815, 6488355.960526325
1722, 2595322.8866056316, 6488415.496816852
1723, 2568549.732856428, 6500309.727450444
1724, 2568496.045760511, 6500147.217161157
1725, 2568476.814031192, 6499982.234130256
1726, 2568464.4524996164, 6499984.937360081
1727, 2568527.143763799, 6500314.774076226
1728, 2568148.602645248, 6500400.81733236
1729, 2567917.766265279, 6500452.513813842
1730, 2567892.052183793, 6500479.497539434
1731, 2568356.4132034276, 6500352.916964993
1732, 2568190.368919283, 6499529.235571354
1733, 2568101.824035681, 6498226.8142450275
1734, 2568447.244452641, 6499849.805740747
1735, 2568459.3170524235, 6499903.873493607
1736, 2566036.0758255534, 6497988.013822788
1737, 2566062.1315227984, 6498009.642781257
1738, 2565876.014321066, 6498047.127269642
1739, 2565460.12170094, 6498131.8388386695
1740, 2565442.609585382, 6498039.887629886
1741, 2565861.386786837, 6497978.756897882
1742, 2565858.4989148816, 6497013.455453686
1743, 2565817.298918967, 6498059.064974985
1744, 2565586.373984632, 6498106.115287391
1745, 2567434.655310303, 6499496.652708821
1746, 2567427.4621148095, 6499467.999813437
1747, 2567487.405410591, 6499383.599652978
1748, 2562124.821691015, 6506238.667238471
1749, 2561531.9545804868, 6505789.992538538
1750, 2561334.0366372196, 6505632.307150001
1751, 2561212.113171025, 6505599.092845619
1752, 2562817.5736723323, 6504412.785764158
1753, 2562804.8693468194, 6504444.0380543005
1754, 2562725.457886865, 6504677.837117412
1755, 2562721.956262092, 6504681.5760628
1756, 2561196.3161059753, 6505694.184172574
1757, 2569095.8350879475, 6493254.4405026445
1758, 2568262.939645542, 6499949.298332163
1759, 2568453.4215723686, 6499987.349612264
1760, 2568272.6000176407, 6500198.541270558
1761, 2661603.0308871837, 6517361.185950613
1762, 2567455.520853739, 6504793.231466647
1763, 2571811.4505852936, 6501146.36406516
1764, 2572059.9315674542, 6501091.13148202
1765, 2571993.710878596, 6500779.433469639
1766, 2567457.797228926, 6504850.206437818
1767, 2595346.7449690015, 6488431.257288942
1768, 2595377.451328381, 6488451.032755807
1769, 2595418.7952570175, 6488477.659015234
1770, 2595464.5990773714, 6488507.157527929
1771, 2595488.356688725, 6488522.457871758
1772, 2567531.783424916, 6495299.676451461
1773, 2570873.2866619187, 6495309.775858438
1774, 2673838.776634737, 6518806.265156432
1775, 2561962.3436486274, 6507103.346850793
1776, 2566464.7572933272, 6506654.766769798
1777, 2566464.9644674133, 6506662.141489873
1778, 2573023.631533924, 6492741.44582608
1779, 2565909.285012737, 6497267.810782982
1780, 2565895.8633938134, 6497291.732053422
1781, 2564221.4446111517, 6502756.198132821
1782, 2564968.311212657, 6497183.260986678
1783, 2564978.267360687, 6497170.6383433025
1784, 2565135.250547977, 6497138.657177792
1785, 2563387.606300859, 6494824.502038306
1786, 2624929.0900391983, 6503781.774678242
1787, 2569330.785539697, 6498801.342600593
1788, 2569535.172992743, 6498760.025280004
1789, 2569524.356747866, 6498709.771780774
1790, 2567729.3536165324, 6492970.324664844
1791, 2567710.4024673733, 6492974.106150131
1792, 2563553.215219309, 6496103.8828711575
1793, 2569341.172793001, 6494403.74338153
1794, 2579933.584690157, 6493418.605912615
1795, 2579785.891058963, 6493402.054218532
1796, 2568014.6738119056, 6492913.3922798075
1797, 2564522.2405673815, 6504001.422390519
1798, 2564413.6094056196, 6503465.304177596
1799, 2579583.560489854, 6493694.189199023
1800, 2579690.313390687, 6493685.505946517
1801, 2579753.362111079, 6493661.02416392
1802, 2579795.5687951827, 6493627.008168246
1803, 2579849.0560690863, 6493575.221945121
1804, 2579962.344538373, 6493469.61351625
1805, 2580067.7061699694, 6493371.65915098
1806, 2580541.7798614386, 6492961.087147397
1807, 2581079.2176260804, 6492494.795193885
1808, 2581190.027597657, 6492398.56079728
1809, 2581231.842119448, 6492335.397702491
1810, 2581308.9944943823, 6492215.345149848
1811, 2581404.132987869, 6492036.337762556
1812, 2581460.437964761, 6491938.2305642245
1813, 2570413.2510377625, 6501442.501257363
1814, 2569114.0514489887, 6498715.15596396
1815, 2569096.598689406, 6498693.26254577
1816, 2567748.3705900735, 6497592.890445013
x_2, 2568288.3846386974, 6495792.61118197
x_10, 2569850.444225547, 6497515.126873568
x_79, 2569077.1647553886, 6497477.755326903
x_80, 2568276.4939090763, 6498046.053172773
x_84, 2568617.425451119, 6497458.069977741
x_85, 2568974.0256117554, 6498719.581934272
x_86, 2567878.076685672, 6498952.235197542
x_87, 2568330.5560953314, 6498841.540968533
x_200, 2567734.961534315, 6499200.390018002
x_278, 2563703.86244674, 6502833.012638209
x_337, 2570625.035027636, 6497359.911313052
x_531, 2572592.8132924577, 6497221.421390117
x_540, 2567647.5280423667, 6505840.21611153
x_541, 2567436.5167697244, 6506199.629600372
x_551, 2566820.4426153745, 6498160.830247096
x_594, 2562135.325941641, 6505573.416025048
x_637, 2564707.1691796933, 6504007.907652336
x_644, 2574706.6299100867, 6492431.5383275
x_656, 2561962.3436486274, 6507103.346850793
x_659, 2567185.1340495045, 6503471.297170373
x_781, 2565121.0490090027, 6503921.311917999
x_784, 2572225.687006671, 6498345.108797722
x_805, 2565378.2787428163, 6505278.388779858
x_821, 2572806.1417181664, 6498223.155823082
x_828, 2566566.334365059, 6497350.810074516
x_14, 2568426.914572906, 6497650.860598433
x_15, 2568201.317507519, 6497667.61214491
x_17, 2567779.6904573347, 6497705.831784526
x_20, 2568402.870795035, 6502902.595172742
x_50, 2568569.173701102, 6498640.542066944
x_51, 2568850.6130733155, 6498613.393899913
x_1243, 2565484.1389870085, 6497067.580401318
x_1244, 2565945.1513537844, 6496974.888841175
x_1245, 2566467.3729084698, 6496867.198989376
x_1289, 2573755.623182652, 6493973.766001802
x_1318, 2566873.9750137865, 6504994.579540704
x_1326, 2570983.8663205146, 6495899.015853617
x_1352, 2564506.165141747, 6497046.44820993
x_5030, 2624064.8127955394, 6504045.52565901
x_1353, 2564401.085972564, 6496539.187635892
x_1984, 2573971.2883268646, 6495256.377720612
x_2064, 2573601.134126375, 6495343.094012872
x_2065, 2576515.418852161, 6492806.894696
x_2073, 2562945.1899095066, 6493592.460218013
x_2074, 2563042.668835335, 6503721.074406445
x_151, 2569060.6212277454, 6494991.982738646
x_2286, 2566268.1559162755, 6492912.723506119
x_81, 2568370.423770817, 6498185.928813317
x_82, 2568163.8117528358, 6498505.396552607
x_83, 2568389.14342583, 6498300.23746598
x_202, 2567271.6835261704, 6499840.59608324
x_204, 2566006.742339032, 6504409.789333794
x_242, 2571944.3171308595, 6497083.646333483
x_252, 2566075.8589678663, 6501333.838450763
x_335, 2568277.6485410947, 6499166.071042809
x_400, 2572917.0422552475, 6492161.212642939
x_2377, 2588990.3803484985, 6486377.275996222
x_2395, 2566805.959394036, 6506337.974958502
x_2548, 2570903.326909663, 6494626.056590899
x_2644, 2582064.117622903, 6490869.273967447
x_3022, 2568519.794756389, 6500175.110419346
x_2645, 2568051.504634445, 6494602.882047334
x_2646, 2571614.7049301574, 6498946.137168144
x_2660, 2564411.77831964, 6499995.49831367
x_11, 2570363.460940656, 6497563.043901789
x_12, 2569255.663924076, 6497329.763655244
x_13, 2569188.088308169, 6496960.057912699
x_2666, 2565029.424017822, 6501543.815788611
x_2683, 2564735.851659776, 6495873.490098834
x_2724, 2570629.500325276, 6493979.496577857
x_2748, 2566569.133742743, 6502262.156468032
x_2937, 2567054.0606199703, 6499427.781430687
x_2950, 2564039.92318892, 6494782.202127051
x_2951, 2575292.9014517944, 6493628.444664762
x_2952, 2576348.361619764, 6492123.285098609
x_2953, 2568198.746705043, 6501912.961038593
x_2954, 2567993.3522157185, 6497091.393636903
x_2955, 2567351.9071655325, 6497465.681709698
x_2961, 2577232.405048441, 6493692.19927091
x_2963, 2567531.783424916, 6495299.676451461
x_2964, 2569013.0738936737, 6492867.900969997
x_2968, 2571884.495593034, 6493580.852875566
x_2969, 2569639.97157463, 6496223.363359637
x_2970, 2563394.384430069, 6501571.579675681
x_2971, 2563327.811409043, 6500899.897883443
x_2972, 2569245.708642117, 6496302.6800071485
x_2975, 2565017.4252949585, 6496460.066372317
x_146, 2569524.356747866, 6498709.771780774
x_152, 2569273.1992041315, 6498984.226980789
x_19, 2568074.847802313, 6501405.577192173
x_21, 2568669.1600625115, 6504057.41330118
x_24, 2569510.738566705, 6501635.942807457
x_25, 2568667.412070641, 6501812.879582853
x_27, 2570875.5551703777, 6501797.240368758
x_60, 2567917.7621468827, 6498154.119438256
x_378, 2569007.0986555982, 6497987.88025506
x_401, 2565436.9287207625, 6495024.162910157
x_2977, 2563481.38792156, 6498891.218936061
x_2978, 2568393.5849586125, 6496331.307073972
x_2979, 2568029.670466115, 6496549.13938128
x_2981, 2567075.355040472, 6496480.750609007
x_2984, 2570472.1885920498, 6491989.439468693
x_2987, 2569540.772583831, 6495364.242276612
x_2993, 2572077.355170788, 6494349.515909502
x_2996, 2568971.3324458697, 6496478.760472972
x_2997, 2570361.967728762, 6499493.885491617
x_2999, 2574734.346555125, 6496495.531316507
x_33, 2571738.5826792354, 6501162.773314314
x_45, 2569550.675243011, 6498927.307306298
x_47, 2568361.7969252663, 6499405.849175789
x_3000, 2570830.746032926, 6501355.068262974
x_3001, 2565833.8674644185, 6505194.68309261
x_3002, 2572719.733160584, 6499608.753312679
x_3003, 2567603.9801234645, 6502041.383701539
x_3006, 2567592.350784554, 6499697.308066932
x_3009, 2568087.267247645, 6498700.629776991
x_3010, 2572553.479479829, 6496954.543534824
x_3011, 2566357.4081204897, 6499582.196551241
x_3012, 2567545.7835865724, 6498729.59776456
x_3013, 2562500.2751985253, 6503504.279983685
x_3014, 2565889.627675177, 6503686.093271221
x_3015, 2569050.353136223, 6504157.664436935
x_3016, 2569807.0217536134, 6504586.963527309
x_3017, 2568734.252272534, 6500446.221606457
x_3019, 2566451.231404395, 6499979.341820399
x_3020, 2564808.502576514, 6505188.793643969
x_3021, 2566004.3999473555, 6501527.638979115
x_3117, 2567002.6888961946, 6505750.35157919
x_5001, 2622283.1931522107, 6503179.015246697
x_5002, 2624957.774319221, 6503773.019892752
x_5007, 2639874.480187714, 6506164.659597601
x_48, 2568710.315766672, 6499032.639330141
x_49, 2568598.372110479, 6498785.137652433
x_52, 2568807.357764928, 6498400.833070472
x_53, 2569066.570682371, 6497895.686317347
x_54, 2569413.4154703245, 6497999.466750412
x_55, 2568834.2843328305, 6497990.839276322
x_56, 2568608.658476496, 6498001.163503373
x_5008, 2656167.9653032054, 6514714.981614767
x_5009, 2656498.210702409, 6518141.891782775
x_5012, 2661641.052263984, 6518882.592772147
x_5013, 2661496.260334274, 6517372.674243064
x_5015, 2661362.940305949, 6516903.938625173
x_5016, 2662831.133663551, 6517511.0034507485
x_5017, 2661325.5460843747, 6516738.341098935
x_5018, 2662289.605694211, 6517449.421954093
x_5019, 2673846.8914425955, 6504933.055992032
x_5025, 2661587.78024552, 6517945.406624297
x_5026, 2607321.872296825, 6487970.608589415
x_5027, 2661701.4634284927, 6517345.227255885
x_5028, 2661707.3209942137, 6518446.98077737
x_57, 2568485.08132717, 6497906.612945747
x_59, 2568179.9200484715, 6498589.36482189
x_61, 2567714.027800035, 6498176.883816344
x_71, 2569290.6583780097, 6497216.934359465
x_72, 2569781.9227263387, 6497192.843409664
x_75, 2569392.142238559, 6497602.679454605
x_76, 2568291.9457265334, 6497339.193826207
x_77, 2567783.1124255112, 6498417.135754786
x_78, 2569063.480430833, 6498144.094979619
x_433, 2565779.43777282, 6499704.477881082
x_439, 2564878.518395349, 6501909.605292415
x_505, 2567957.6085217474, 6499269.199118302
x_520, 2570843.21094274, 6493229.596849421
x_523, 2567519.9720210168, 6493987.521707468
x_524, 2563925.988355576, 6494399.056387617
x_527, 2571725.4886197317, 6492735.448712023
x_833, 2566826.7681423235, 6494123.653078746
x_835, 2567054.526608705, 6502849.12853347
x_840, 2567627.5416423227, 6497975.9900129
x_859, 2562190.370258276, 6504715.050650536
x_956, 2567746.690694207, 6493133.417168449
x_957, 2567958.0701659145, 6494126.823911304
x_958, 2568500.5768647413, 6493789.734019716
x_1067, 2572922.6383718792, 6499039.667059789
x_1106, 2564137.0304067577, 6495256.987238567
x_1231, 2566668.425277136, 6495473.632788953
x_1355, 2564204.3315232447, 6497340.135520763
x_1357, 2572509.287799298, 6494255.6727536265
x_1374, 2563306.12888712, 6497865.2860234445
x_1382, 2573176.2623454365, 6493565.845534853
x_1488, 2571272.3496079925, 6497222.848402116
x_1649, 2574104.937550947, 6496632.019425773
x_1759, 2573235.934760553, 6496815.358572836
x_1874, 2564150.258170457, 6502028.532999899
x_1945, 2564042.087899195, 6501495.044335284
x_1951, 2568917.379334675, 6492366.75900308
x_1973, 2576474.966617742, 6493632.755509873
x_22, 2568949.4373118537, 6504571.4826040175
x_58, 2568576.334863159, 6498143.7934432095
x_560, 2570453.2656289507, 6492023.251256044
x_2109, 2565467.7194172004, 6498440.280111585
x_2228, 2566464.7572933272, 6506654.766769798
x_2242, 2596799.834193336, 6489221.398254204
x_2258, 2566922.7977923346, 6492783.633707209
x_2792, 2572877.722157024, 6495230.165371609
x_2794, 2568014.6738119056, 6492913.392279808
x_2795, 2575619.359534264, 6493552.349052079
x_2796, 2596650.4852568386, 6488914.505516824
x_2797, 2596000.496102325, 6488806.100296656
x_5029, 2626529.037053453, 6504356.904201601
x_3029, 2573965.717399349, 6497726.462143272
x_35, 2570588.855734337, 6500050.689389417
x_88, 2567430.784160133, 6498031.558474112
x_3035, 2572303.2398826825, 6499669.780412365
x_3034, 2568141.24960051, 6501677.502116674
x_3032, 2566796.566604866, 6500961.133278801
x_2243, 2570981.584201062, 6497284.324053268
x_137, 2564279.849701357, 6495938.404610644
x_107, 2566664.9106336613, 6497829.150913749
x_95, 2568951.3318099584, 6496707.432115425
x_3036, 2567938.045884159, 6500618.832131546
x_2799, 2564950.281591557, 6499212.319510165
x_2934, 2563906.671274595, 6496032.571996834
x_101, 2595835.0499078, 6488109.82518719
x_105, 2570583.9813482584, 6498709.811931185
x_103, 2574494.020747595, 6495138.963508562
x_108, 2565463.764774553, 6497762.586867484
x_99, 2566280.642452009, 6497458.856156283
x_2929, 2568484.583262097, 6496458.305638403
x_2935, 2571243.752238615, 6501268.750440384
x_2939, 2565264.858019888, 6502131.791727879
x_2940, 2567481.665655157, 6498921.2334155245
x_2941, 2570226.3477902086, 6500126.429126065
x_2943, 2568190.368919283, 6499529.235571354
x_2944, 2565703.6857418413, 6502936.972944186
x_2947, 2563541.4868158465, 6506777.393033771
x_97, 2567533.72856748, 6497810.584490439
x_109, 2567865.773814044, 6495231.342239839
x_106, 2565827.5949803223, 6500111.881120601
x_5031, 2673838.776634737, 6518806.265156432
x_116, 2568883.2221607063, 6497254.052568354
x_113, 2569215.215343644, 6498383.47924444
x_132, 2568262.939645542, 6499949.298332163
x_131, 2568453.4215723686, 6499987.349612264
x_130, 2568272.6000176407, 6500198.541270558
x_129, 2568148.602645248, 6500400.81733236
x_128, 2568356.413203428, 6500352.916964993
x_142, 2561196.316105976, 6505694.184172574
x_138, 2562721.956262092, 6504681.5760628
x_127, 2565442.609585382, 6498039.887629886
x_102, 2565377.7689682483, 6501673.463683011
x_2948, 2565059.4307056223, 6506260.636914971
x_2949, 2569193.7835312765, 6493646.796589901
x_6005, 2567762.3316446715, 6499191.751672616
x_6006, 2571230.0542355934, 6495608.101663553
x_1, 2566981.092608358, 6495960.668322156
x_5011, 2653003.8880919097, 6512350.780971983
x_3, 2568464.163346956, 6496685.940462908
x_5, 2570349.208956423, 6496077.351272722
x_6, 2568698.38704655, 6497118.624687895
x_7, 2568660.761910482, 6496926.397482775
x_8, 2568579.813281449, 6497262.818413864
x_9, 2568935.512862105, 6497687.477522573
x_6003, 2570787.302841203, 6498517.386724605
x_18, 2568216.9221976325, 6497866.857004478
x_23, 2569790.3602380194, 6502940.055594183
x_2800, 2565716.897216943, 6496356.821389067
x_94, 2567723.8079089425, 6497452.379561626
x_31, 2571915.945354725, 6503423.040265192
x_34, 2570955.9963697274, 6499973.098825188
x_36, 2569728.184615226, 6500233.214649617
x_37, 2569463.046165188, 6500286.91534793
x_38, 2569248.35335152, 6500532.589158167
x_39, 2568258.609459734, 6500549.380844971
x_40, 2568661.126318244, 6499937.847697455
x_41, 2569132.737349512, 6499999.842323596
x_42, 2571290.2535344176, 6498562.681325613
x_43, 2570261.5882581454, 6498777.134220163
x_46, 2568941.67857518, 6499068.94858185
x_104, 2571781.557197134, 6496916.407174289
x_124, 2565861.386786837, 6497978.756897882
x_125, 2565817.298918967, 6498059.064974985
x_126, 2565586.373984632, 6498106.115287391
x_122, 2571993.710878596, 6500779.433469639
x_100, 2567457.797228926, 6504850.206437818
x_110, 2595612.0507997675, 6488437.723060995
x_62, 2567806.794557867, 6498610.556155479
x_63, 2567886.187541908, 6498994.635495089
x_65, 2568664.71008196, 6497878.603647354
x_66, 2569312.037051488, 6498844.084500536
x_67, 2570159.812399087, 6495112.887262384
x_68, 2568664.3089724514, 6498267.017844242
x_69, 2569028.92061985, 6497245.998770919
x_70, 2568101.824035681, 6498226.814245028
x_73, 2567855.7136176964, 6497995.729734508
x_74, 2568976.4449005136, 6497062.587890578
x_111, 2595322.886605632, 6488415.496816852
x_112, 2568074.833517914, 6494721.186147314
x_115, 2565909.285012737, 6497267.810782982
x_3030, 2566440.827149893, 6506363.500038701
x_143, 2563553.215219309, 6496103.8828711575
x_117, 2570237.476006751, 6495540.056503704
x_118, 2570873.2866619187, 6495309.775858438
x_292, 2567146.4375059637, 6499442.071767801
x_205, 2563421.847774569, 6496308.399222847
x_207, 2566158.8869272554, 6501136.02682689
x_208, 2568853.458386301, 6499051.741301104
x_209, 2566500.825681034, 6501110.448793288
x_210, 2573392.6726176366, 6498112.165032426
x_211, 2567273.5958797685, 6499838.297615934
x_236, 2565341.475763436, 6501179.614188723
x_237, 2565636.1468174155, 6502475.73497869
x_239, 2567102.172376551, 6500119.245997473
x_241, 2568414.700368477, 6499174.617569618
x_238, 2566877.4882197063, 6500463.847011747
x_570, 2567605.489350255, 6492637.399722735
x_582, 2565657.9233286083, 6493042.262925675
x_592, 2563013.1970894434, 6506360.058558172
x_593, 2563600.700317568, 6505708.20397252
x_596, 2561924.5735580865, 6502610.580323984
x_604, 2566934.839541826, 6502241.713546612
x_609, 2567183.153646302, 6497046.738397932
x_635, 2566201.3237925726, 6495562.575874894
x_645, 2573862.907995737, 6497236.499292346
x_646, 2575768.502661628, 6492184.031307059
x_651, 2566373.1544450177, 6506047.028583434
x_695, 2572007.096587086, 6499745.963038394
x_848, 2565611.2564234487, 6495682.589477967
x_969, 2579483.862695888, 6493697.158703989
x_967, 2562823.4023177726, 6504411.473704366
x_968, 2568147.6680326927, 6495095.091381125
x_1213, 2565049.712015084, 6494491.79803073
x_1000, 2564641.738046402, 6504425.165634887
x_1002, 2565675.880987341, 6494360.917020683
x_1032, 2565074.701224397, 6499914.901647816
x_1046, 2563775.997094007, 6493433.603890496
x_1105, 2562617.360284667, 6506473.007318623
x_1212, 2564123.904838748, 6495508.8692859
x_1228, 2572477.849430059, 6496613.424627852
x_1236, 2564818.317057055, 6502632.510054014
x_1354, 2563172.137548584, 6497124.631396583
x_1356, 2573114.412477549, 6493231.887296885
x_114, 2569486.7814162904, 6498358.7634173045
x_1533, 2567743.3806462134, 6499658.241943503
x_1543, 2563775.596038863, 6500129.514867121
x_1569, 2566502.601908534, 6498227.941957778
x_1592, 2572367.064429575, 6496054.943496443
x_1594, 2567251.952715322, 6499045.703933328
x_1595, 2567409.117774615, 6499268.570368307
x_1638, 2570949.4648305955, 6491917.6825911375
x_1678, 2573670.791377195, 6496218.375676621
x_1962, 2596341.4982863413, 6488988.51067687
x_1963, 2595547.083557443, 6488058.819064799
x_2088, 2571478.656927131, 6491817.67725361
x_2171, 2564740.42525434, 6498183.256562789
x_2297, 2566186.433034121, 6498709.762979578
x_2298, 2573269.1183558083, 6494066.547997987
x_2299, 2565580.7336581363, 6498934.311151762
x_2300, 2566129.4262102046, 6498433.460621538
x_2396, 2569703.1748419763, 6492183.111785473
x_2428, 2567446.571502803, 6500701.21990628
x_2478, 2572308.9262688155, 6495631.503701642
x_2479, 2563511.485310656, 6497483.613595135
x_2543, 2564492.150484965, 6505465.8529680725
x_2549, 2574687.505317244, 6494396.037661998
x_2583, 2578515.930197926, 6493722.618467441
x_2643, 2565069.893420996, 6493406.246232718
x_98, 2567804.907005736, 6499884.414200816
x_2798, 2568117.3218012718, 6497259.640384354
x_2897, 2574170.186870862, 6497434.3472601045
x_2898, 2566413.086536938, 6503636.964654938
x_2922, 2584390.3680483648, 6488427.906660015
x_2923, 2566483.5626410865, 6493685.639655295
x_2924, 2573808.9959534947, 6493256.906758152
x_2927, 2571532.6438388336, 6495228.347221293
x_2928, 2568947.557117783, 6496363.506779284
x_2930, 2573796.2871489306, 6496695.4304568125
x_2931, 2565197.0968395555, 6500502.875474971
x_2932, 2567520.2787724184, 6499480.101939448
x_2933, 2569257.451600578, 6498582.160344761
x_2942, 2567917.255881512, 6504778.334457925
x_2956, 2572406.7332390826, 6492926.290429336
x_2957, 2566504.179607443, 6494191.000623881
x_2958, 2566990.30830566, 6496760.925049917
x_2959, 2573028.4183370583, 6492767.503437636
x_2960, 2575537.44798084, 6491323.848323095
x_2962, 2570435.9135536994, 6493011.521990761
x_2965, 2569806.1427427563, 6494837.521398807
x_2966, 2569916.9230738, 6493462.544300243
x_2967, 2564836.454568757, 6493208.391761646
x_2973, 2566857.3734907103, 6495427.339431761
x_2974, 2572937.8783085085, 6495513.796746053
x_2976, 2596621.1533120177, 6489113.108122795
x_2980, 2595489.41723118, 6483961.909049052
x_2982, 2574327.982279994, 6492520.253826274
x_2985, 2566248.9097692817, 6499000.105216462
x_2986, 2574443.8147324338, 6492836.89462428
x_2988, 2566718.8376579834, 6494786.242848513
x_2989, 2568756.2662376487, 6495052.34578123
x_2991, 2574573.8076523733, 6493795.391658726
x_2992, 2563884.1021875464, 6494045.41588224
x_2994, 2567728.224533158, 6497322.651552237
x_2995, 2564636.289047053, 6497665.322195109
x_2998, 2563597.1901690657, 6504251.195218957
x_3004, 2574207.866821198, 6497911.567591712
x_3005, 2563236.3372311564, 6502948.591719511
x_3018, 2567427.5929449038, 6504656.584893574
x_3023, 2564902.01329696, 6502465.22704294
x_3024, 2564448.173294322, 6504065.730001398
x_3025, 2568136.767322913, 6499200.866273543
x_3026, 2567700.62933737, 6499463.786115704
x_3027, 2564221.444611152, 6502756.198132821
x_3028, 2567541.740421264, 6499138.29726321
x_5000, 2612065.8991037807, 6492947.618176817
x_5003, 2627338.358187991, 6504767.282797529
x_5004, 2627321.053258839, 6505100.431541613
x_5005, 2626935.426842669, 6504782.216786084
x_5006, 2628127.680376905, 6502941.40677416
x_5010, 2656407.410989832, 6518541.099517634
x_135, 2569095.8350879475, 6493254.4405026445
x_6001, 2565674.959800129, 6502643.776486335
x_6008, 2571273.6523093274, 6500883.484478391
x_6009, 2567089.793297721, 6500110.341715237
x_6010, 2567642.5531105143, 6499460.940443422
x_6002, 2574902.1636026558, 6494385.475920975
x_6007, 2574229.1695012385, 6496309.148670606
x_6011, 2575118.5972880977, 6493475.931361982
x_6012, 2574059.0326533285, 6496408.090124159
x_6015, 2572719.739505316, 6492733.686098711
x_6013, 2566556.4824555423, 6500519.317417707
x_6016, 2574666.290549168, 6496173.277591284
x_5020, 2639955.829861923, 6538320.197096435
x_5021, 2640194.351149477, 6539093.309162363
x_5022, 2640786.058266624, 6539565.09448094
x_6004, 2566682.952723077, 6495452.752922612
x_5023, 2641409.688500849, 6540834.371800516
x_5024, 2633785.4193680203, 6535914.480786189
x_2480, 2569341.172793001, 6494403.74338153
x_2801, 2577605.4514750177, 6493701.040369373
x_2802, 2586011.477098039, 6487335.437214397
x_2803, 2592035.345033104, 6487538.265913378
x_91, 2568461.0408089724, 6497210.893640278
x_90, 2569396.992252306, 6497729.549174225
x_89, 2568968.099870832, 6496954.001985082
x_93, 2568712.975858151, 6497288.2100326335
x_92, 2568735.613563252, 6497413.54052034
x_3033, 2563868.431211184, 6501831.49352802
x_3031, 2566250.360148323, 6499737.674957712
x_2584, 2565320.7724778005, 6499808.089703064
x_2302, 2571528.2182040582, 6498541.852470952
x_96, 2568014.761025795, 6497805.9590016
x_119, 2564236.4110651533, 6502474.811151726
x_120, 2569402.9904121263, 6494689.986378213
x_121, 2567116.252505301, 6500771.020725523
x_123, 2569685.9154679663, 6502452.959733934
x_134, 2564788.2394795595, 6497219.123027055
x_133, 2565135.250547977, 6497138.657177792
x_136, 2564076.7733224053, 6505548.114271184
x_139, 2566264.8907059943, 6505510.033862351
x_140, 2563225.937369108, 6497490.986003214
x_141, 2570042.9947004365, 6501520.60479412
x_5032, 2661474.5875515966, 6517406.666403674
x_5033, 2627693.2608832046, 6502876.750697435
x_5034, 2665530.81126097, 6516627.008459536
x_147, 2564413.60940562, 6503465.304177596
x_145, 2579785.891058963, 6493402.054218532
x_144, 2570413.2510377625, 6501442.501257363
x_148, 2569239.598466231, 6498689.880267112
x_149, 2571425.528437981, 6497191.116496512
x_150, 2573601.0038232827, 6496737.707877113
x_5014, 2656444.34000659, 6518566.924373238
buset, 2567310.14, 6497985.23




